250	#nbins
0	#lowbound
250	#highbound
0.	alternativeKfactor
0.	alternativeKfactorNNLO
----------------#table200
0.000000	1.000000	-1.262090
1.000000	2.000000	1.006812
2.000000	3.000000	1.317839
3.000000	4.000000	1.301095
4.000000	5.000000	1.280842
5.000000	6.000000	1.239658
6.000000	7.000000	1.208686
7.000000	8.000000	1.167327
8.000000	9.000000	1.162924
9.000000	10.000000	1.151065
10.000000	11.000000	1.146491
11.000000	12.000000	1.152058
12.000000	13.000000	1.130170
13.000000	14.000000	1.139895
14.000000	15.000000	1.129563
15.000000	16.000000	1.125468
16.000000	17.000000	1.123712
17.000000	18.000000	1.129301
18.000000	19.000000	1.104249
19.000000	20.000000	1.108531
20.000000	21.000000	1.122505
21.000000	22.000000	1.111585
22.000000	23.000000	1.114527
23.000000	24.000000	1.108137
24.000000	25.000000	1.088326
25.000000	26.000000	1.104794
26.000000	27.000000	1.099859
27.000000	28.000000	1.087257
28.000000	29.000000	1.069708
29.000000	30.000000	1.085926
30.000000	31.000000	1.074688
31.000000	32.000000	1.062782
32.000000	33.000000	1.075506
33.000000	34.000000	1.057702
34.000000	35.000000	1.057830
35.000000	36.000000	1.036091
36.000000	37.000000	1.057607
37.000000	38.000000	1.047578
38.000000	39.000000	1.017913
39.000000	40.000000	1.030145
40.000000	41.000000	1.024774
41.000000	42.000000	1.019304
42.000000	43.000000	1.013756
43.000000	44.000000	1.008150
44.000000	45.000000	1.002505
45.000000	46.000000	0.996834
46.000000	47.000000	0.991149
47.000000	48.000000	0.985462
48.000000	49.000000	0.979780
49.000000	50.000000	0.974112
50.000000	51.000000	0.968464
51.000000	52.000000	0.962840
52.000000	53.000000	0.957245
53.000000	54.000000	0.951681
54.000000	55.000000	0.946150
55.000000	56.000000	0.940654
56.000000	57.000000	0.935194
57.000000	58.000000	0.929772
58.000000	59.000000	0.924386
59.000000	60.000000	0.919038
60.000000	61.000000	0.913728
61.000000	62.000000	0.908455
62.000000	63.000000	0.903218
63.000000	64.000000	0.898016
64.000000	65.000000	0.892850
65.000000	66.000000	0.887718
66.000000	67.000000	0.882619
67.000000	68.000000	0.877553
68.000000	69.000000	0.872519
69.000000	70.000000	0.867515
70.000000	71.000000	0.862543
71.000000	72.000000	0.857600
72.000000	73.000000	0.852686
73.000000	74.000000	0.847800
74.000000	75.000000	0.842941
75.000000	76.000000	0.838108
76.000000	77.000000	0.833301
77.000000	78.000000	0.828519
78.000000	79.000000	0.823762
79.000000	80.000000	0.819029
80.000000	81.000000	0.814320
81.000000	82.000000	0.809633
82.000000	83.000000	0.804969
83.000000	84.000000	0.800327
84.000000	85.000000	0.795707
85.000000	86.000000	0.791108
86.000000	87.000000	0.786530
87.000000	88.000000	0.781974
88.000000	89.000000	0.777436
89.000000	90.000000	0.772919
90.000000	91.000000	0.768421
91.000000	92.000000	0.763943
92.000000	93.000000	0.759483
93.000000	94.000000	0.755044
94.000000	95.000000	0.750622
95.000000	96.000000	0.746219
96.000000	97.000000	0.741835
97.000000	98.000000	0.737470
98.000000	99.000000	0.733124
99.000000	100.000000	0.728796
100.000000	101.000000	0.724487
101.000000	102.000000	0.720196
102.000000	103.000000	0.715920
103.000000	104.000000	0.711661
104.000000	105.000000	0.707421
105.000000	106.000000	0.703201
106.000000	107.000000	0.698999
107.000000	108.000000	0.694968
108.000000	109.000000	0.692792
109.000000	110.000000	0.691709
110.000000	111.000000	0.690636
111.000000	112.000000	0.689573
112.000000	113.000000	0.688521
113.000000	114.000000	0.687480
114.000000	115.000000	0.686449
115.000000	116.000000	0.685429
116.000000	117.000000	0.684419
117.000000	118.000000	0.683419
118.000000	119.000000	0.682428
119.000000	120.000000	0.681444
120.000000	121.000000	0.680460
121.000000	122.000000	0.679502
122.000000	123.000000	0.678615
123.000000	124.000000	0.677654
124.000000	125.000000	0.676716
125.000000	126.000000	0.675789
126.000000	127.000000	0.674874
127.000000	128.000000	0.673968
128.000000	129.000000	0.673071
129.000000	130.000000	0.672184
130.000000	131.000000	0.671305
131.000000	132.000000	0.670434
132.000000	133.000000	0.669572
133.000000	134.000000	0.668718
134.000000	135.000000	0.667874
135.000000	136.000000	0.667040
136.000000	137.000000	0.666214
137.000000	138.000000	0.665397
138.000000	139.000000	0.664589
139.000000	140.000000	0.663791
140.000000	141.000000	0.663000
141.000000	142.000000	0.662214
142.000000	143.000000	0.661439
143.000000	144.000000	0.660674
144.000000	145.000000	0.659918
145.000000	146.000000	0.659170
146.000000	147.000000	0.658432
147.000000	148.000000	0.657703
148.000000	149.000000	0.656985
149.000000	150.000000	0.656274
150.000000	151.000000	0.655569
151.000000	152.000000	0.654873
152.000000	153.000000	0.654186
153.000000	154.000000	0.653508
154.000000	155.000000	0.652840
155.000000	156.000000	0.652180
156.000000	157.000000	0.651529
157.000000	158.000000	0.650886
158.000000	159.000000	0.650253
159.000000	160.000000	0.649628
160.000000	161.000000	0.649013
161.000000	162.000000	0.648405
162.000000	163.000000	0.647807
163.000000	164.000000	0.647217
164.000000	165.000000	0.646636
165.000000	166.000000	0.646064
166.000000	167.000000	0.645500
167.000000	168.000000	0.644945
168.000000	169.000000	0.644399
169.000000	170.000000	0.643862
170.000000	171.000000	0.643332
171.000000	172.000000	0.642812
172.000000	173.000000	0.642300
173.000000	174.000000	0.641797
174.000000	175.000000	0.641302
175.000000	176.000000	0.640816
176.000000	177.000000	0.640338
177.000000	178.000000	0.639868
178.000000	179.000000	0.639407
179.000000	180.000000	0.638954
180.000000	181.000000	0.638509
181.000000	182.000000	0.638073
182.000000	183.000000	0.637644
183.000000	184.000000	0.637224
184.000000	185.000000	0.636812
185.000000	186.000000	0.636408
186.000000	187.000000	0.636013
187.000000	188.000000	0.635623
188.000000	189.000000	0.635239
189.000000	190.000000	0.634865
190.000000	191.000000	0.634499
191.000000	192.000000	0.634141
192.000000	193.000000	0.633790
193.000000	194.000000	0.633446
194.000000	195.000000	0.633110
195.000000	196.000000	0.632780
196.000000	197.000000	0.632457
197.000000	198.000000	0.632141
198.000000	199.000000	0.631832
199.000000	200.000000	0.631529
200.000000	201.000000	0.631233
201.000000	202.000000	0.630943
202.000000	203.000000	0.630659
203.000000	204.000000	0.630381
204.000000	205.000000	0.630109
205.000000	206.000000	0.629842
206.000000	207.000000	0.629581
207.000000	208.000000	0.629326
208.000000	209.000000	0.629075
209.000000	210.000000	0.628829
210.000000	211.000000	0.628588
211.000000	212.000000	0.628351
212.000000	213.000000	0.628119
213.000000	214.000000	0.627891
214.000000	215.000000	0.627667
215.000000	216.000000	0.627447
216.000000	217.000000	0.627230
217.000000	218.000000	0.627016
218.000000	219.000000	0.626805
219.000000	220.000000	0.626598
220.000000	221.000000	0.626392
221.000000	222.000000	0.626189
222.000000	223.000000	0.625988
223.000000	224.000000	0.625788
224.000000	225.000000	0.625590
225.000000	226.000000	0.625393
226.000000	227.000000	0.625197
227.000000	228.000000	0.625001
228.000000	229.000000	0.624806
229.000000	230.000000	0.624610
230.000000	231.000000	0.624414
231.000000	232.000000	0.624217
232.000000	233.000000	0.624019
233.000000	234.000000	0.623820
234.000000	235.000000	0.623619
235.000000	236.000000	0.623415
236.000000	237.000000	0.623209
237.000000	238.000000	0.623000
238.000000	239.000000	0.622788
239.000000	240.000000	0.622571
240.000000	241.000000	0.622351
241.000000	242.000000	0.622126
242.000000	243.000000	0.621896
243.000000	244.000000	0.621661
244.000000	245.000000	0.621419
245.000000	246.000000	0.621172
246.000000	247.000000	0.620917
247.000000	248.000000	0.620655
248.000000	249.000000	0.620386
249.000000	250.000000	0.620108
