250	#nbins
0	#lowbound
250	#highbound
0.	alternativeKfactor
0.	alternativeKfactorNNLO
----------------#table200
0.000000	1.000000	0.481639
1.000000	2.000000	1.337042
2.000000	3.000000	1.421195
3.000000	4.000000	1.389257
4.000000	5.000000	1.342848
5.000000	6.000000	1.289818
6.000000	7.000000	1.232268
7.000000	8.000000	1.231724
8.000000	9.000000	1.202730
9.000000	10.000000	1.177762
10.000000	11.000000	1.175898
11.000000	12.000000	1.170257
12.000000	13.000000	1.172377
13.000000	14.000000	1.159414
14.000000	15.000000	1.146501
15.000000	16.000000	1.165933
16.000000	17.000000	1.136942
17.000000	18.000000	1.147278
18.000000	19.000000	1.137905
19.000000	20.000000	1.131475
20.000000	21.000000	1.136547
21.000000	22.000000	1.138572
22.000000	23.000000	1.106963
23.000000	24.000000	1.106802
24.000000	25.000000	1.115046
25.000000	26.000000	1.098864
26.000000	27.000000	1.100362
27.000000	28.000000	1.090818
28.000000	29.000000	1.080714
29.000000	30.000000	1.068314
30.000000	31.000000	1.077889
31.000000	32.000000	1.043139
32.000000	33.000000	1.053964
33.000000	34.000000	1.054686
34.000000	35.000000	1.040710
35.000000	36.000000	1.046196
36.000000	37.000000	1.040920
37.000000	38.000000	1.021558
38.000000	39.000000	1.002835
39.000000	40.000000	1.004894
40.000000	41.000000	0.997106
41.000000	42.000000	0.989279
42.000000	43.000000	0.981428
43.000000	44.000000	0.973565
44.000000	45.000000	0.965701
45.000000	46.000000	0.957843
46.000000	47.000000	0.949998
47.000000	48.000000	0.942173
48.000000	49.000000	0.934370
49.000000	50.000000	0.926594
50.000000	51.000000	0.918845
51.000000	52.000000	0.911126
52.000000	53.000000	0.903437
53.000000	54.000000	0.895780
54.000000	55.000000	0.888155
55.000000	56.000000	0.880562
56.000000	57.000000	0.872999
57.000000	58.000000	0.865468
58.000000	59.000000	0.857967
59.000000	60.000000	0.850495
60.000000	61.000000	0.843052
61.000000	62.000000	0.835638
62.000000	63.000000	0.828251
63.000000	64.000000	0.820892
64.000000	65.000000	0.813558
65.000000	66.000000	0.806251
66.000000	67.000000	0.798968
67.000000	68.000000	0.791710
68.000000	69.000000	0.784475
69.000000	70.000000	0.777264
70.000000	71.000000	0.770075
71.000000	72.000000	0.762907
72.000000	73.000000	0.755762
73.000000	74.000000	0.748637
74.000000	75.000000	0.741533
75.000000	76.000000	0.734450
76.000000	77.000000	0.727386
77.000000	78.000000	0.720343
78.000000	79.000000	0.713319
79.000000	80.000000	0.706314
80.000000	81.000000	0.699328
81.000000	82.000000	0.692361
82.000000	83.000000	0.685412
83.000000	84.000000	0.678482
84.000000	85.000000	0.671571
85.000000	86.000000	0.664677
86.000000	87.000000	0.657802
87.000000	88.000000	0.650944
88.000000	89.000000	0.644105
89.000000	90.000000	0.637284
90.000000	91.000000	0.630481
91.000000	92.000000	0.623696
92.000000	93.000000	0.616930
93.000000	94.000000	0.610181
94.000000	95.000000	0.603450
95.000000	96.000000	0.596735
96.000000	97.000000	0.590041
97.000000	98.000000	0.583364
98.000000	99.000000	0.576704
99.000000	100.000000	0.570063
100.000000	101.000000	0.566358
101.000000	102.000000	0.565704
102.000000	103.000000	0.565079
103.000000	104.000000	0.564466
104.000000	105.000000	0.563865
105.000000	106.000000	0.563275
106.000000	107.000000	0.562696
107.000000	108.000000	0.562129
108.000000	109.000000	0.561573
109.000000	110.000000	0.561027
110.000000	111.000000	0.560492
111.000000	112.000000	0.559968
112.000000	113.000000	0.559455
113.000000	114.000000	0.558952
114.000000	115.000000	0.558459
115.000000	116.000000	0.557977
116.000000	117.000000	0.557505
117.000000	118.000000	0.557043
118.000000	119.000000	0.556592
119.000000	120.000000	0.556151
120.000000	121.000000	0.555720
121.000000	122.000000	0.555299
122.000000	123.000000	0.554888
123.000000	124.000000	0.554488
124.000000	125.000000	0.554097
125.000000	126.000000	0.553717
126.000000	127.000000	0.553347
127.000000	128.000000	0.552988
128.000000	129.000000	0.552638
129.000000	130.000000	0.552299
130.000000	131.000000	0.551970
131.000000	132.000000	0.551651
132.000000	133.000000	0.551342
133.000000	134.000000	0.551044
134.000000	135.000000	0.550757
135.000000	136.000000	0.550479
136.000000	137.000000	0.550212
137.000000	138.000000	0.549956
138.000000	139.000000	0.549710
139.000000	140.000000	0.549474
140.000000	141.000000	0.549249
141.000000	142.000000	0.549035
142.000000	143.000000	0.548831
143.000000	144.000000	0.548638
144.000000	145.000000	0.548456
145.000000	146.000000	0.548284
146.000000	147.000000	0.548123
147.000000	148.000000	0.547973
148.000000	149.000000	0.547833
149.000000	150.000000	0.547703
150.000000	151.000000	0.547584
151.000000	152.000000	0.547476
152.000000	153.000000	0.547379
153.000000	154.000000	0.547293
154.000000	155.000000	0.547217
155.000000	156.000000	0.547152
156.000000	157.000000	0.547098
157.000000	158.000000	0.547054
158.000000	159.000000	0.547021
159.000000	160.000000	0.546999
160.000000	161.000000	0.546988
161.000000	162.000000	0.546987
162.000000	163.000000	0.546997
163.000000	164.000000	0.546997
164.000000	165.000000	0.546997
165.000000	166.000000	0.546997
166.000000	167.000000	0.546997
167.000000	168.000000	0.546997
168.000000	169.000000	0.546997
169.000000	170.000000	0.546997
170.000000	171.000000	0.546997
171.000000	172.000000	0.546997
172.000000	173.000000	0.546997
173.000000	174.000000	0.546997
174.000000	175.000000	0.546997
175.000000	176.000000	0.546997
176.000000	177.000000	0.546997
177.000000	178.000000	0.546997
178.000000	179.000000	0.546997
179.000000	180.000000	0.546997
180.000000	181.000000	0.546997
181.000000	182.000000	0.546997
182.000000	183.000000	0.546997
183.000000	184.000000	0.546997
184.000000	185.000000	0.546997
185.000000	186.000000	0.546997
186.000000	187.000000	0.546997
187.000000	188.000000	0.546997
188.000000	189.000000	0.546997
189.000000	190.000000	0.546997
190.000000	191.000000	0.546997
191.000000	192.000000	0.546997
192.000000	193.000000	0.546997
193.000000	194.000000	0.546997
194.000000	195.000000	0.546997
195.000000	196.000000	0.546997
196.000000	197.000000	0.546997
197.000000	198.000000	0.546997
198.000000	199.000000	0.546997
199.000000	200.000000	0.546997
200.000000	201.000000	0.546997
201.000000	202.000000	0.546997
202.000000	203.000000	0.546997
203.000000	204.000000	0.546997
204.000000	205.000000	0.546997
205.000000	206.000000	0.546997
206.000000	207.000000	0.546997
207.000000	208.000000	0.546997
208.000000	209.000000	0.546997
209.000000	210.000000	0.546997
210.000000	211.000000	0.546997
211.000000	212.000000	0.546997
212.000000	213.000000	0.546997
213.000000	214.000000	0.546997
214.000000	215.000000	0.546997
215.000000	216.000000	0.546997
216.000000	217.000000	0.546997
217.000000	218.000000	0.546997
218.000000	219.000000	0.546997
219.000000	220.000000	0.546997
220.000000	221.000000	0.546997
221.000000	222.000000	0.546997
222.000000	223.000000	0.546997
223.000000	224.000000	0.546997
224.000000	225.000000	0.546997
225.000000	226.000000	0.546997
226.000000	227.000000	0.546997
227.000000	228.000000	0.546997
228.000000	229.000000	0.546997
229.000000	230.000000	0.546997
230.000000	231.000000	0.546997
231.000000	232.000000	0.546997
232.000000	233.000000	0.546997
233.000000	234.000000	0.546997
234.000000	235.000000	0.546997
235.000000	236.000000	0.546997
236.000000	237.000000	0.546997
237.000000	238.000000	0.546997
238.000000	239.000000	0.546997
239.000000	240.000000	0.546997
240.000000	241.000000	0.546997
241.000000	242.000000	0.546997
242.000000	243.000000	0.546997
243.000000	244.000000	0.546997
244.000000	245.000000	0.546997
245.000000	246.000000	0.546997
246.000000	247.000000	0.546997
247.000000	248.000000	0.546997
248.000000	249.000000	0.546997
249.000000	250.000000	0.546997
