250	#nbins
0	#lowbound
250	#highbound
0.	alternativeKfactor
0.	alternativeKfactorNNLO
----------------#table200
0.000000	1.000000	0.058526
1.000000	2.000000	1.169669
2.000000	3.000000	1.314210
3.000000	4.000000	1.331293
4.000000	5.000000	1.285392
5.000000	6.000000	1.265258
6.000000	7.000000	1.229201
7.000000	8.000000	1.192124
8.000000	9.000000	1.175494
9.000000	10.000000	1.165937
10.000000	11.000000	1.155148
11.000000	12.000000	1.157746
12.000000	13.000000	1.164873
13.000000	14.000000	1.151398
14.000000	15.000000	1.137933
15.000000	16.000000	1.139533
16.000000	17.000000	1.142992
17.000000	18.000000	1.145391
18.000000	19.000000	1.131919
19.000000	20.000000	1.147208
20.000000	21.000000	1.149321
21.000000	22.000000	1.122196
22.000000	23.000000	1.137508
23.000000	24.000000	1.131233
24.000000	25.000000	1.150529
25.000000	26.000000	1.128506
26.000000	27.000000	1.112836
27.000000	28.000000	1.118148
28.000000	29.000000	1.106845
29.000000	30.000000	1.111091
30.000000	31.000000	1.105954
31.000000	32.000000	1.103063
32.000000	33.000000	1.115421
33.000000	34.000000	1.082903
34.000000	35.000000	1.086339
35.000000	36.000000	1.073230
36.000000	37.000000	1.082896
37.000000	38.000000	1.080110
38.000000	39.000000	1.070060
39.000000	40.000000	1.065433
40.000000	41.000000	1.060170
41.000000	42.000000	1.054757
42.000000	43.000000	1.049222
43.000000	44.000000	1.043586
44.000000	45.000000	1.037873
45.000000	46.000000	1.032100
46.000000	47.000000	1.026282
47.000000	48.000000	1.020444
48.000000	49.000000	1.014562
49.000000	50.000000	1.008680
50.000000	51.000000	1.002791
51.000000	52.000000	0.996903
52.000000	53.000000	0.991020
53.000000	54.000000	0.985147
54.000000	55.000000	0.979287
55.000000	56.000000	0.973441
56.000000	57.000000	0.967610
57.000000	58.000000	0.961795
58.000000	59.000000	0.955997
59.000000	60.000000	0.950217
60.000000	61.000000	0.944454
61.000000	62.000000	0.938709
62.000000	63.000000	0.932980
63.000000	64.000000	0.927269
64.000000	65.000000	0.921572
65.000000	66.000000	0.915891
66.000000	67.000000	0.910225
67.000000	68.000000	0.904571
68.000000	69.000000	0.898930
69.000000	70.000000	0.893301
70.000000	71.000000	0.887683
71.000000	72.000000	0.882075
72.000000	73.000000	0.876477
73.000000	74.000000	0.870887
74.000000	75.000000	0.865306
75.000000	76.000000	0.859731
76.000000	77.000000	0.854164
77.000000	78.000000	0.848602
78.000000	79.000000	0.843045
79.000000	80.000000	0.837493
80.000000	81.000000	0.831945
81.000000	82.000000	0.826400
82.000000	83.000000	0.820859
83.000000	84.000000	0.815320
84.000000	85.000000	0.809783
85.000000	86.000000	0.804249
86.000000	87.000000	0.798716
87.000000	88.000000	0.793183
88.000000	89.000000	0.787652
89.000000	90.000000	0.782122
90.000000	91.000000	0.776591
91.000000	92.000000	0.771061
92.000000	93.000000	0.765531
93.000000	94.000000	0.760002
94.000000	95.000000	0.754473
95.000000	96.000000	0.748941
96.000000	97.000000	0.743408
97.000000	98.000000	0.737875
98.000000	99.000000	0.732341
99.000000	100.000000	0.726804
100.000000	101.000000	0.721267
101.000000	102.000000	0.715730
102.000000	103.000000	0.710192
103.000000	104.000000	0.704651
104.000000	105.000000	0.699107
105.000000	106.000000	0.693563
106.000000	107.000000	0.688019
107.000000	108.000000	0.682473
108.000000	109.000000	0.676927
109.000000	110.000000	0.671379
110.000000	111.000000	0.665830
111.000000	112.000000	0.660280
112.000000	113.000000	0.654728
113.000000	114.000000	0.649176
114.000000	115.000000	0.643623
115.000000	116.000000	0.638069
116.000000	117.000000	0.632514
117.000000	118.000000	0.626959
118.000000	119.000000	0.621402
119.000000	120.000000	0.615845
120.000000	121.000000	0.610287
121.000000	122.000000	0.604728
122.000000	123.000000	0.599169
123.000000	124.000000	0.593609
124.000000	125.000000	0.588048
125.000000	126.000000	0.582487
126.000000	127.000000	0.578661
127.000000	128.000000	0.577914
128.000000	129.000000	0.577440
129.000000	130.000000	0.576970
130.000000	131.000000	0.576504
131.000000	132.000000	0.576041
132.000000	133.000000	0.575583
133.000000	134.000000	0.575130
134.000000	135.000000	0.574681
135.000000	136.000000	0.574233
136.000000	137.000000	0.573787
137.000000	138.000000	0.573346
138.000000	139.000000	0.572909
139.000000	140.000000	0.572476
140.000000	141.000000	0.572046
141.000000	142.000000	0.571619
142.000000	143.000000	0.571195
143.000000	144.000000	0.570776
144.000000	145.000000	0.570359
145.000000	146.000000	0.569946
146.000000	147.000000	0.569537
147.000000	148.000000	0.569132
148.000000	149.000000	0.568726
149.000000	150.000000	0.568324
150.000000	151.000000	0.567928
151.000000	152.000000	0.567535
152.000000	153.000000	0.567145
153.000000	154.000000	0.566759
154.000000	155.000000	0.566376
155.000000	156.000000	0.565996
156.000000	157.000000	0.565620
157.000000	158.000000	0.565248
158.000000	159.000000	0.564879
159.000000	160.000000	0.564514
160.000000	161.000000	0.564152
161.000000	162.000000	0.563793
162.000000	163.000000	0.563439
163.000000	164.000000	0.563088
164.000000	165.000000	0.562740
165.000000	166.000000	0.562397
166.000000	167.000000	0.562057
167.000000	168.000000	0.561720
168.000000	169.000000	0.561388
169.000000	170.000000	0.561059
170.000000	171.000000	0.560734
171.000000	172.000000	0.560413
172.000000	173.000000	0.560096
173.000000	174.000000	0.559783
174.000000	175.000000	0.559474
175.000000	176.000000	0.559169
176.000000	177.000000	0.558867
177.000000	178.000000	0.558570
178.000000	179.000000	0.558277
179.000000	180.000000	0.557988
180.000000	181.000000	0.557703
181.000000	182.000000	0.557422
182.000000	183.000000	0.557146
183.000000	184.000000	0.556873
184.000000	185.000000	0.556605
185.000000	186.000000	0.556341
186.000000	187.000000	0.556081
187.000000	188.000000	0.555826
188.000000	189.000000	0.555574
189.000000	190.000000	0.555327
190.000000	191.000000	0.555085
191.000000	192.000000	0.554847
192.000000	193.000000	0.554612
193.000000	194.000000	0.554383
194.000000	195.000000	0.554157
195.000000	196.000000	0.553936
196.000000	197.000000	0.553720
197.000000	198.000000	0.553508
198.000000	199.000000	0.553300
199.000000	200.000000	0.553097
200.000000	201.000000	0.552898
201.000000	202.000000	0.552703
202.000000	203.000000	0.552513
203.000000	204.000000	0.552327
204.000000	205.000000	0.552146
205.000000	206.000000	0.551969
206.000000	207.000000	0.551797
207.000000	208.000000	0.551629
208.000000	209.000000	0.551465
209.000000	210.000000	0.551305
210.000000	211.000000	0.551150
211.000000	212.000000	0.550999
212.000000	213.000000	0.550852
213.000000	214.000000	0.550710
214.000000	215.000000	0.550572
215.000000	216.000000	0.550438
216.000000	217.000000	0.550308
217.000000	218.000000	0.550183
218.000000	219.000000	0.550062
219.000000	220.000000	0.549944
220.000000	221.000000	0.549831
221.000000	222.000000	0.549722
222.000000	223.000000	0.549617
223.000000	224.000000	0.549516
224.000000	225.000000	0.549419
225.000000	226.000000	0.549325
226.000000	227.000000	0.549236
227.000000	228.000000	0.549151
228.000000	229.000000	0.549069
229.000000	230.000000	0.548991
230.000000	231.000000	0.548917
231.000000	232.000000	0.548847
232.000000	233.000000	0.548781
233.000000	234.000000	0.548717
234.000000	235.000000	0.548656
235.000000	236.000000	0.548597
236.000000	237.000000	0.548542
237.000000	238.000000	0.548490
238.000000	239.000000	0.548441
239.000000	240.000000	0.548396
240.000000	241.000000	0.548353
241.000000	242.000000	0.548314
242.000000	243.000000	0.548277
243.000000	244.000000	0.548243
244.000000	245.000000	0.548211
245.000000	246.000000	0.548182
246.000000	247.000000	0.548155
247.000000	248.000000	0.548130
248.000000	249.000000	0.548107
249.000000	250.000000	0.548086
