250	#nbins
0	#lowbound
250	#highbound
0.	alternativeKfactor
0.	alternativeKfactorNNLO
----------------#table200
0.000000	1.000000	-1.165729
1.000000	2.000000	1.028289
2.000000	3.000000	1.296623
3.000000	4.000000	1.312098
4.000000	5.000000	1.288126
5.000000	6.000000	1.249040
6.000000	7.000000	1.199838
7.000000	8.000000	1.203463
8.000000	9.000000	1.177704
9.000000	10.000000	1.154876
10.000000	11.000000	1.154133
11.000000	12.000000	1.149312
12.000000	13.000000	1.151881
13.000000	14.000000	1.139505
14.000000	15.000000	1.127099
15.000000	16.000000	1.146449
16.000000	17.000000	1.118172
17.000000	18.000000	1.128587
18.000000	19.000000	1.119642
19.000000	20.000000	1.113622
20.000000	21.000000	1.118973
21.000000	22.000000	1.121384
22.000000	23.000000	1.090718
23.000000	24.000000	1.091094
24.000000	25.000000	1.099828
25.000000	26.000000	1.084524
26.000000	27.000000	1.086725
27.000000	28.000000	1.078076
28.000000	29.000000	1.068919
29.000000	30.000000	1.057538
30.000000	31.000000	1.067967
31.000000	32.000000	1.034517
32.000000	33.000000	1.046299
33.000000	34.000000	1.048121
34.000000	35.000000	1.035379
35.000000	36.000000	1.042046
36.000000	37.000000	1.038048
37.000000	38.000000	1.020026
38.000000	39.000000	1.002643
39.000000	40.000000	1.006065
40.000000	41.000000	0.999669
41.000000	42.000000	0.993262
42.000000	43.000000	0.986857
43.000000	44.000000	0.980465
44.000000	45.000000	0.974095
45.000000	46.000000	0.967753
46.000000	47.000000	0.961447
47.000000	48.000000	0.955179
48.000000	49.000000	0.948952
49.000000	50.000000	0.942770
50.000000	51.000000	0.936633
51.000000	52.000000	0.930542
52.000000	53.000000	0.924498
53.000000	54.000000	0.918501
54.000000	55.000000	0.912552
55.000000	56.000000	0.906650
56.000000	57.000000	0.900792
57.000000	58.000000	0.894979
58.000000	59.000000	0.889210
59.000000	60.000000	0.883484
60.000000	61.000000	0.877799
61.000000	62.000000	0.872154
62.000000	63.000000	0.866550
63.000000	64.000000	0.860985
64.000000	65.000000	0.855457
65.000000	66.000000	0.849967
66.000000	67.000000	0.844514
67.000000	68.000000	0.839096
68.000000	69.000000	0.833713
69.000000	70.000000	0.828361
70.000000	71.000000	0.823040
71.000000	72.000000	0.817762
72.000000	73.000000	0.812509
73.000000	74.000000	0.807288
74.000000	75.000000	0.802098
75.000000	76.000000	0.796938
76.000000	77.000000	0.791808
77.000000	78.000000	0.786708
78.000000	79.000000	0.781637
79.000000	80.000000	0.776595
80.000000	81.000000	0.771582
81.000000	82.000000	0.766597
82.000000	83.000000	0.761640
83.000000	84.000000	0.756710
84.000000	85.000000	0.751803
85.000000	86.000000	0.746885
86.000000	87.000000	0.742101
87.000000	88.000000	0.737307
88.000000	89.000000	0.732511
89.000000	90.000000	0.727747
90.000000	91.000000	0.723012
91.000000	92.000000	0.718306
92.000000	93.000000	0.713627
93.000000	94.000000	0.708976
94.000000	95.000000	0.704352
95.000000	96.000000	0.699757
96.000000	97.000000	0.695190
97.000000	98.000000	0.690650
98.000000	99.000000	0.686135
99.000000	100.000000	0.681650
100.000000	101.000000	0.677193
101.000000	102.000000	0.672762
102.000000	103.000000	0.668358
103.000000	104.000000	0.664117
104.000000	105.000000	0.661705
105.000000	106.000000	0.660449
106.000000	107.000000	0.659209
107.000000	108.000000	0.657983
108.000000	109.000000	0.656774
109.000000	110.000000	0.655578
110.000000	111.000000	0.654398
111.000000	112.000000	0.653233
112.000000	113.000000	0.652082
113.000000	114.000000	0.650945
114.000000	115.000000	0.649823
115.000000	116.000000	0.648715
116.000000	117.000000	0.647620
117.000000	118.000000	0.646540
118.000000	119.000000	0.645474
119.000000	120.000000	0.644421
120.000000	121.000000	0.643383
121.000000	122.000000	0.642358
122.000000	123.000000	0.641348
123.000000	124.000000	0.640351
124.000000	125.000000	0.639368
125.000000	126.000000	0.638399
126.000000	127.000000	0.637444
127.000000	128.000000	0.636503
128.000000	129.000000	0.635576
129.000000	130.000000	0.634663
130.000000	131.000000	0.633763
131.000000	132.000000	0.632878
132.000000	133.000000	0.632007
133.000000	134.000000	0.631151
134.000000	135.000000	0.630304
135.000000	136.000000	0.629472
136.000000	137.000000	0.628655
137.000000	138.000000	0.627853
138.000000	139.000000	0.627065
139.000000	140.000000	0.626293
140.000000	141.000000	0.625534
141.000000	142.000000	0.624786
142.000000	143.000000	0.624053
143.000000	144.000000	0.623333
144.000000	145.000000	0.622627
145.000000	146.000000	0.621936
146.000000	147.000000	0.621259
147.000000	148.000000	0.620596
148.000000	149.000000	0.619946
149.000000	150.000000	0.619311
150.000000	151.000000	0.618689
151.000000	152.000000	0.618081
152.000000	153.000000	0.617486
153.000000	154.000000	0.616906
154.000000	155.000000	0.616340
155.000000	156.000000	0.615787
156.000000	157.000000	0.615247
157.000000	158.000000	0.614722
158.000000	159.000000	0.614210
159.000000	160.000000	0.613711
160.000000	161.000000	0.613226
161.000000	162.000000	0.612755
162.000000	163.000000	0.612296
163.000000	164.000000	0.611852
164.000000	165.000000	0.611420
165.000000	166.000000	0.611002
166.000000	167.000000	0.610597
167.000000	168.000000	0.610206
168.000000	169.000000	0.609827
169.000000	170.000000	0.609462
170.000000	171.000000	0.609109
171.000000	172.000000	0.608769
172.000000	173.000000	0.608442
173.000000	174.000000	0.608128
174.000000	175.000000	0.607828
175.000000	176.000000	0.607539
176.000000	177.000000	0.607259
177.000000	178.000000	0.606992
178.000000	179.000000	0.606739
179.000000	180.000000	0.606498
180.000000	181.000000	0.606269
181.000000	182.000000	0.606051
182.000000	183.000000	0.605846
183.000000	184.000000	0.605651
184.000000	185.000000	0.605468
185.000000	186.000000	0.605296
186.000000	187.000000	0.605136
187.000000	188.000000	0.604988
188.000000	189.000000	0.604848
189.000000	190.000000	0.604717
190.000000	191.000000	0.604596
191.000000	192.000000	0.604487
192.000000	193.000000	0.604387
193.000000	194.000000	0.604296
194.000000	195.000000	0.604216
195.000000	196.000000	0.604144
196.000000	197.000000	0.604078
197.000000	198.000000	0.604021
198.000000	199.000000	0.603973
199.000000	200.000000	0.603933
200.000000	201.000000	0.603901
201.000000	202.000000	0.603877
202.000000	203.000000	0.603860
203.000000	204.000000	0.603850
204.000000	205.000000	0.603847
205.000000	206.000000	0.603849
206.000000	207.000000	0.603849
207.000000	208.000000	0.603849
208.000000	209.000000	0.603849
209.000000	210.000000	0.603849
210.000000	211.000000	0.603849
211.000000	212.000000	0.603849
212.000000	213.000000	0.603849
213.000000	214.000000	0.603849
214.000000	215.000000	0.603849
215.000000	216.000000	0.603849
216.000000	217.000000	0.603849
217.000000	218.000000	0.603849
218.000000	219.000000	0.603849
219.000000	220.000000	0.603849
220.000000	221.000000	0.603849
221.000000	222.000000	0.603849
222.000000	223.000000	0.603849
223.000000	224.000000	0.603849
224.000000	225.000000	0.603849
225.000000	226.000000	0.603849
226.000000	227.000000	0.603849
227.000000	228.000000	0.603849
228.000000	229.000000	0.603849
229.000000	230.000000	0.603849
230.000000	231.000000	0.603849
231.000000	232.000000	0.603849
232.000000	233.000000	0.603849
233.000000	234.000000	0.603849
234.000000	235.000000	0.603849
235.000000	236.000000	0.603849
236.000000	237.000000	0.603849
237.000000	238.000000	0.603849
238.000000	239.000000	0.603849
239.000000	240.000000	0.603849
240.000000	241.000000	0.603849
241.000000	242.000000	0.603849
242.000000	243.000000	0.603849
243.000000	244.000000	0.603849
244.000000	245.000000	0.603849
245.000000	246.000000	0.603849
246.000000	247.000000	0.603849
247.000000	248.000000	0.603849
248.000000	249.000000	0.603849
249.000000	250.000000	0.603849
