250	#nbins
0	#lowbound
250	#highbound
0.	alternativeKfactor
0.	alternativeKfactorNNLO
----------------#table200
0.000000	1.000000	-1.421775
1.000000	2.000000	0.991033
2.000000	3.000000	1.274226
3.000000	4.000000	1.291912
4.000000	5.000000	1.273054
5.000000	6.000000	1.231048
6.000000	7.000000	1.209813
7.000000	8.000000	1.187916
8.000000	9.000000	1.174740
9.000000	10.000000	1.161767
10.000000	11.000000	1.139748
11.000000	12.000000	1.139859
12.000000	13.000000	1.151126
13.000000	14.000000	1.138028
14.000000	15.000000	1.136432
15.000000	16.000000	1.117741
16.000000	17.000000	1.128690
17.000000	18.000000	1.114757
18.000000	19.000000	1.118055
19.000000	20.000000	1.118926
20.000000	21.000000	1.112848
21.000000	22.000000	1.112963
22.000000	23.000000	1.117894
23.000000	24.000000	1.106829
24.000000	25.000000	1.102312
25.000000	26.000000	1.094205
26.000000	27.000000	1.079566
27.000000	28.000000	1.099854
28.000000	29.000000	1.083895
29.000000	30.000000	1.082166
30.000000	31.000000	1.074303
31.000000	32.000000	1.060752
32.000000	33.000000	1.063735
33.000000	34.000000	1.065646
34.000000	35.000000	1.037938
35.000000	36.000000	1.050498
36.000000	37.000000	1.048142
37.000000	38.000000	1.035116
38.000000	39.000000	1.014605
39.000000	40.000000	1.027170
40.000000	41.000000	1.021199
41.000000	42.000000	1.015158
42.000000	43.000000	1.009069
43.000000	44.000000	1.002951
44.000000	45.000000	0.996821
45.000000	46.000000	0.990689
46.000000	47.000000	0.984567
47.000000	48.000000	0.978465
48.000000	49.000000	0.972391
49.000000	50.000000	0.966351
50.000000	51.000000	0.960351
51.000000	52.000000	0.954392
52.000000	53.000000	0.948476
53.000000	54.000000	0.942606
54.000000	55.000000	0.936782
55.000000	56.000000	0.931006
56.000000	57.000000	0.925278
57.000000	58.000000	0.919597
58.000000	59.000000	0.913963
59.000000	60.000000	0.908374
60.000000	61.000000	0.902831
61.000000	62.000000	0.897332
62.000000	63.000000	0.891876
63.000000	64.000000	0.886462
64.000000	65.000000	0.881089
65.000000	66.000000	0.875755
66.000000	67.000000	0.870461
67.000000	68.000000	0.865204
68.000000	69.000000	0.859985
69.000000	70.000000	0.854802
70.000000	71.000000	0.849653
71.000000	72.000000	0.844537
72.000000	73.000000	0.839454
73.000000	74.000000	0.834403
74.000000	75.000000	0.829382
75.000000	76.000000	0.824393
76.000000	77.000000	0.819433
77.000000	78.000000	0.814501
78.000000	79.000000	0.809598
79.000000	80.000000	0.804723
80.000000	81.000000	0.799875
81.000000	82.000000	0.795053
82.000000	83.000000	0.790258
83.000000	84.000000	0.785488
84.000000	85.000000	0.780742
85.000000	86.000000	0.776021
86.000000	87.000000	0.771321
87.000000	88.000000	0.766632
88.000000	89.000000	0.762074
89.000000	90.000000	0.757419
90.000000	91.000000	0.752807
91.000000	92.000000	0.748226
92.000000	93.000000	0.743671
93.000000	94.000000	0.739139
94.000000	95.000000	0.734630
95.000000	96.000000	0.730144
96.000000	97.000000	0.725681
97.000000	98.000000	0.721242
98.000000	99.000000	0.716823
99.000000	100.000000	0.712425
100.000000	101.000000	0.708050
101.000000	102.000000	0.703698
102.000000	103.000000	0.699367
103.000000	104.000000	0.695057
104.000000	105.000000	0.690769
105.000000	106.000000	0.686503
106.000000	107.000000	0.682258
107.000000	108.000000	0.678036
108.000000	109.000000	0.673836
109.000000	110.000000	0.669658
110.000000	111.000000	0.665614
111.000000	112.000000	0.663320
112.000000	113.000000	0.662218
113.000000	114.000000	0.661129
114.000000	115.000000	0.660052
115.000000	116.000000	0.658989
116.000000	117.000000	0.657938
117.000000	118.000000	0.656899
118.000000	119.000000	0.655871
119.000000	120.000000	0.654856
120.000000	121.000000	0.653853
121.000000	122.000000	0.652861
122.000000	123.000000	0.651880
123.000000	124.000000	0.650911
124.000000	125.000000	0.649954
125.000000	126.000000	0.649007
126.000000	127.000000	0.648072
127.000000	128.000000	0.647148
128.000000	129.000000	0.646235
129.000000	130.000000	0.645333
130.000000	131.000000	0.644443
131.000000	132.000000	0.643564
132.000000	133.000000	0.642697
133.000000	134.000000	0.641842
134.000000	135.000000	0.640998
135.000000	136.000000	0.640161
136.000000	137.000000	0.639335
137.000000	138.000000	0.638522
138.000000	139.000000	0.637720
139.000000	140.000000	0.636930
140.000000	141.000000	0.636151
141.000000	142.000000	0.635384
142.000000	143.000000	0.634628
143.000000	144.000000	0.633880
144.000000	145.000000	0.633143
145.000000	146.000000	0.632417
146.000000	147.000000	0.631703
147.000000	148.000000	0.631000
148.000000	149.000000	0.630308
149.000000	150.000000	0.629626
150.000000	151.000000	0.628955
151.000000	152.000000	0.628295
152.000000	153.000000	0.627646
153.000000	154.000000	0.627007
154.000000	155.000000	0.626379
155.000000	156.000000	0.625762
156.000000	157.000000	0.625155
157.000000	158.000000	0.624560
158.000000	159.000000	0.623974
159.000000	160.000000	0.623399
160.000000	161.000000	0.622835
161.000000	162.000000	0.622281
162.000000	163.000000	0.621738
163.000000	164.000000	0.621205
164.000000	165.000000	0.620683
165.000000	166.000000	0.620171
166.000000	167.000000	0.619669
167.000000	168.000000	0.619177
168.000000	169.000000	0.618696
169.000000	170.000000	0.618225
170.000000	171.000000	0.617764
171.000000	172.000000	0.617313
172.000000	173.000000	0.616872
173.000000	174.000000	0.616440
174.000000	175.000000	0.616019
175.000000	176.000000	0.615607
176.000000	177.000000	0.615204
177.000000	178.000000	0.614812
178.000000	179.000000	0.614429
179.000000	180.000000	0.614056
180.000000	181.000000	0.613693
181.000000	182.000000	0.613338
182.000000	183.000000	0.612989
183.000000	184.000000	0.612651
184.000000	185.000000	0.612322
185.000000	186.000000	0.612003
186.000000	187.000000	0.611692
187.000000	188.000000	0.611390
188.000000	189.000000	0.611096
189.000000	190.000000	0.610810
190.000000	191.000000	0.610532
191.000000	192.000000	0.610262
192.000000	193.000000	0.610000
193.000000	194.000000	0.609746
194.000000	195.000000	0.609499
195.000000	196.000000	0.609259
196.000000	197.000000	0.609026
197.000000	198.000000	0.608800
198.000000	199.000000	0.608580
199.000000	200.000000	0.608367
200.000000	201.000000	0.608161
201.000000	202.000000	0.607960
202.000000	203.000000	0.607765
203.000000	204.000000	0.607576
204.000000	205.000000	0.607392
205.000000	206.000000	0.607213
206.000000	207.000000	0.607039
207.000000	208.000000	0.606870
208.000000	209.000000	0.606705
209.000000	210.000000	0.606544
210.000000	211.000000	0.606387
211.000000	212.000000	0.606233
212.000000	213.000000	0.606083
213.000000	214.000000	0.605935
214.000000	215.000000	0.605791
215.000000	216.000000	0.605648
216.000000	217.000000	0.605508
217.000000	218.000000	0.605369
218.000000	219.000000	0.605231
219.000000	220.000000	0.605094
220.000000	221.000000	0.604958
221.000000	222.000000	0.604822
222.000000	223.000000	0.604686
223.000000	224.000000	0.604549
224.000000	225.000000	0.604411
225.000000	226.000000	0.604272
226.000000	227.000000	0.604131
227.000000	228.000000	0.603987
228.000000	229.000000	0.603841
229.000000	230.000000	0.603692
230.000000	231.000000	0.603539
231.000000	232.000000	0.603383
232.000000	233.000000	0.603221
233.000000	234.000000	0.603055
234.000000	235.000000	0.602883
235.000000	236.000000	0.602705
236.000000	237.000000	0.602520
237.000000	238.000000	0.602329
238.000000	239.000000	0.602129
239.000000	240.000000	0.601922
240.000000	241.000000	0.601705
241.000000	242.000000	0.601480
242.000000	243.000000	0.601244
243.000000	244.000000	0.600998
244.000000	245.000000	0.600741
245.000000	246.000000	0.600472
246.000000	247.000000	0.600191
247.000000	248.000000	0.599896
248.000000	249.000000	0.599589
249.000000	250.000000	0.599267
