250	#nbins
0	#lowbound
250	#highbound
0.	alternativeKfactor
0.	alternativeKfactorNNLO
----------------#table200
0.000000	1.000000	-0.374885
1.000000	2.000000	1.166459
2.000000	3.000000	1.318915
3.000000	4.000000	1.338410
4.000000	5.000000	1.311968
5.000000	6.000000	1.271136
6.000000	7.000000	1.214318
7.000000	8.000000	1.193534
8.000000	9.000000	1.177078
9.000000	10.000000	1.158262
10.000000	11.000000	1.136473
11.000000	12.000000	1.135514
12.000000	13.000000	1.147849
13.000000	14.000000	1.141352
14.000000	15.000000	1.125317
15.000000	16.000000	1.117627
16.000000	17.000000	1.108033
17.000000	18.000000	1.117784
18.000000	19.000000	1.116643
19.000000	20.000000	1.104807
20.000000	21.000000	1.107788
21.000000	22.000000	1.097971
22.000000	23.000000	1.107882
23.000000	24.000000	1.077731
24.000000	25.000000	1.065435
25.000000	26.000000	1.080585
26.000000	27.000000	1.065803
27.000000	28.000000	1.056016
28.000000	29.000000	1.047827
29.000000	30.000000	1.037489
30.000000	31.000000	1.032229
31.000000	32.000000	1.031990
32.000000	33.000000	1.022688
33.000000	34.000000	1.001793
34.000000	35.000000	0.996517
35.000000	36.000000	0.995078
36.000000	37.000000	0.988392
37.000000	38.000000	0.968992
38.000000	39.000000	0.958004
39.000000	40.000000	0.967915
40.000000	41.000000	0.961123
41.000000	42.000000	0.954429
42.000000	43.000000	0.947828
43.000000	44.000000	0.941314
44.000000	45.000000	0.934880
45.000000	46.000000	0.928521
46.000000	47.000000	0.922231
47.000000	48.000000	0.916006
48.000000	49.000000	0.909842
49.000000	50.000000	0.903734
50.000000	51.000000	0.897679
51.000000	52.000000	0.891671
52.000000	53.000000	0.885709
53.000000	54.000000	0.879788
54.000000	55.000000	0.873908
55.000000	56.000000	0.868065
56.000000	57.000000	0.862257
57.000000	58.000000	0.856482
58.000000	59.000000	0.850738
59.000000	60.000000	0.845023
60.000000	61.000000	0.839338
61.000000	62.000000	0.833679
62.000000	63.000000	0.828048
63.000000	64.000000	0.822442
64.000000	65.000000	0.816861
65.000000	66.000000	0.811305
66.000000	67.000000	0.805772
67.000000	68.000000	0.800260
68.000000	69.000000	0.794775
69.000000	70.000000	0.789309
70.000000	71.000000	0.783869
71.000000	72.000000	0.778451
72.000000	73.000000	0.773056
73.000000	74.000000	0.767684
74.000000	75.000000	0.762334
75.000000	76.000000	0.757008
76.000000	77.000000	0.751705
77.000000	78.000000	0.746426
78.000000	79.000000	0.741170
79.000000	80.000000	0.735939
80.000000	81.000000	0.730731
81.000000	82.000000	0.725549
82.000000	83.000000	0.720945
83.000000	84.000000	0.719083
84.000000	85.000000	0.717671
85.000000	86.000000	0.716271
86.000000	87.000000	0.714883
87.000000	88.000000	0.713506
88.000000	89.000000	0.712140
89.000000	90.000000	0.710785
90.000000	91.000000	0.709440
91.000000	92.000000	0.708104
92.000000	93.000000	0.706779
93.000000	94.000000	0.705463
94.000000	95.000000	0.704157
95.000000	96.000000	0.702860
96.000000	97.000000	0.701573
97.000000	98.000000	0.700294
98.000000	99.000000	0.699025
99.000000	100.000000	0.697765
100.000000	101.000000	0.696514
101.000000	102.000000	0.695273
102.000000	103.000000	0.694041
103.000000	104.000000	0.692819
104.000000	105.000000	0.691606
105.000000	106.000000	0.690403
106.000000	107.000000	0.689209
107.000000	108.000000	0.688025
108.000000	109.000000	0.686851
109.000000	110.000000	0.685687
110.000000	111.000000	0.684533
111.000000	112.000000	0.683389
112.000000	113.000000	0.682256
113.000000	114.000000	0.681133
114.000000	115.000000	0.680021
115.000000	116.000000	0.678920
116.000000	117.000000	0.677830
117.000000	118.000000	0.676751
118.000000	119.000000	0.675683
119.000000	120.000000	0.674626
120.000000	121.000000	0.673581
121.000000	122.000000	0.672548
122.000000	123.000000	0.671526
123.000000	124.000000	0.670516
124.000000	125.000000	0.669519
125.000000	126.000000	0.668533
126.000000	127.000000	0.667560
127.000000	128.000000	0.666600
128.000000	129.000000	0.665652
129.000000	130.000000	0.664717
130.000000	131.000000	0.663794
131.000000	132.000000	0.662885
132.000000	133.000000	0.661989
133.000000	134.000000	0.661105
134.000000	135.000000	0.660236
135.000000	136.000000	0.659379
136.000000	137.000000	0.658536
137.000000	138.000000	0.657707
138.000000	139.000000	0.656891
139.000000	140.000000	0.656089
140.000000	141.000000	0.655300
141.000000	142.000000	0.654526
142.000000	143.000000	0.653765
143.000000	144.000000	0.653019
144.000000	145.000000	0.652287
145.000000	146.000000	0.651568
146.000000	147.000000	0.650865
147.000000	148.000000	0.650177
148.000000	149.000000	0.649503
149.000000	150.000000	0.648843
150.000000	151.000000	0.648197
151.000000	152.000000	0.647565
152.000000	153.000000	0.646948
153.000000	154.000000	0.646345
154.000000	155.000000	0.645757
155.000000	156.000000	0.645183
156.000000	157.000000	0.644624
157.000000	158.000000	0.644079
158.000000	159.000000	0.643549
159.000000	160.000000	0.643033
160.000000	161.000000	0.642531
161.000000	162.000000	0.642045
162.000000	163.000000	0.641573
163.000000	164.000000	0.641115
164.000000	165.000000	0.640672
165.000000	166.000000	0.640243
166.000000	167.000000	0.639829
167.000000	168.000000	0.639429
168.000000	169.000000	0.639044
169.000000	170.000000	0.638673
170.000000	171.000000	0.638316
171.000000	172.000000	0.637973
172.000000	173.000000	0.637644
173.000000	174.000000	0.637329
174.000000	175.000000	0.637028
175.000000	176.000000	0.636741
176.000000	177.000000	0.636467
177.000000	178.000000	0.636207
178.000000	179.000000	0.635961
179.000000	180.000000	0.635728
180.000000	181.000000	0.635508
181.000000	182.000000	0.635301
182.000000	183.000000	0.635108
183.000000	184.000000	0.634927
184.000000	185.000000	0.634759
185.000000	186.000000	0.634603
186.000000	187.000000	0.634460
187.000000	188.000000	0.634329
188.000000	189.000000	0.634210
189.000000	190.000000	0.634103
190.000000	191.000000	0.634008
191.000000	192.000000	0.633923
192.000000	193.000000	0.633849
193.000000	194.000000	0.633786
194.000000	195.000000	0.633733
195.000000	196.000000	0.633691
196.000000	197.000000	0.633659
197.000000	198.000000	0.633636
198.000000	199.000000	0.633623
199.000000	200.000000	0.633620
200.000000	201.000000	0.633626
201.000000	202.000000	0.633626
202.000000	203.000000	0.633626
203.000000	204.000000	0.633626
204.000000	205.000000	0.633626
205.000000	206.000000	0.633626
206.000000	207.000000	0.633626
207.000000	208.000000	0.633626
208.000000	209.000000	0.633626
209.000000	210.000000	0.633626
210.000000	211.000000	0.633626
211.000000	212.000000	0.633626
212.000000	213.000000	0.633626
213.000000	214.000000	0.633626
214.000000	215.000000	0.633626
215.000000	216.000000	0.633626
216.000000	217.000000	0.633626
217.000000	218.000000	0.633626
218.000000	219.000000	0.633626
219.000000	220.000000	0.633626
220.000000	221.000000	0.633626
221.000000	222.000000	0.633626
222.000000	223.000000	0.633626
223.000000	224.000000	0.633626
224.000000	225.000000	0.633626
225.000000	226.000000	0.633626
226.000000	227.000000	0.633626
227.000000	228.000000	0.633626
228.000000	229.000000	0.633626
229.000000	230.000000	0.633626
230.000000	231.000000	0.633626
231.000000	232.000000	0.633626
232.000000	233.000000	0.633626
233.000000	234.000000	0.633626
234.000000	235.000000	0.633626
235.000000	236.000000	0.633626
236.000000	237.000000	0.633626
237.000000	238.000000	0.633626
238.000000	239.000000	0.633626
239.000000	240.000000	0.633626
240.000000	241.000000	0.633626
241.000000	242.000000	0.633626
242.000000	243.000000	0.633626
243.000000	244.000000	0.633626
244.000000	245.000000	0.633626
245.000000	246.000000	0.633626
246.000000	247.000000	0.633626
247.000000	248.000000	0.633626
248.000000	249.000000	0.633626
249.000000	250.000000	0.633626
