250	#nbins
0	#lowbound
250	#highbound
0.	alternativeKfactor
0.	alternativeKfactorNNLO
----------------#table200
0.000000	1.000000	0.231974
1.000000	2.000000	1.285305
2.000000	3.000000	1.387178
3.000000	4.000000	1.364433
4.000000	5.000000	1.319392
5.000000	6.000000	1.291461
6.000000	7.000000	1.230576
7.000000	8.000000	1.209807
8.000000	9.000000	1.192181
9.000000	10.000000	1.175378
10.000000	11.000000	1.167533
11.000000	12.000000	1.162627
12.000000	13.000000	1.153376
13.000000	14.000000	1.159581
14.000000	15.000000	1.133599
15.000000	16.000000	1.146033
16.000000	17.000000	1.137468
17.000000	18.000000	1.119158
18.000000	19.000000	1.120184
19.000000	20.000000	1.109719
20.000000	21.000000	1.115694
21.000000	22.000000	1.107736
22.000000	23.000000	1.099591
23.000000	24.000000	1.105459
24.000000	25.000000	1.094272
25.000000	26.000000	1.066307
26.000000	27.000000	1.082198
27.000000	28.000000	1.068347
28.000000	29.000000	1.065734
29.000000	30.000000	1.049027
30.000000	31.000000	1.055967
31.000000	32.000000	1.017354
32.000000	33.000000	1.038979
33.000000	34.000000	1.027334
34.000000	35.000000	1.010855
35.000000	36.000000	0.999122
36.000000	37.000000	0.994010
37.000000	38.000000	0.986439
38.000000	39.000000	0.963641
39.000000	40.000000	0.967303
40.000000	41.000000	0.958196
41.000000	42.000000	0.949235
42.000000	43.000000	0.940419
43.000000	44.000000	0.931746
44.000000	45.000000	0.923210
45.000000	46.000000	0.914805
46.000000	47.000000	0.906523
47.000000	48.000000	0.898357
48.000000	49.000000	0.890299
49.000000	50.000000	0.882342
50.000000	51.000000	0.874479
51.000000	52.000000	0.866703
52.000000	53.000000	0.859008
53.000000	54.000000	0.851389
54.000000	55.000000	0.843839
55.000000	56.000000	0.836354
56.000000	57.000000	0.828930
57.000000	58.000000	0.821562
58.000000	59.000000	0.814247
59.000000	60.000000	0.806981
60.000000	61.000000	0.799763
61.000000	62.000000	0.792588
62.000000	63.000000	0.785455
63.000000	64.000000	0.778362
64.000000	65.000000	0.771304
65.000000	66.000000	0.764284
66.000000	67.000000	0.757296
67.000000	68.000000	0.750342
68.000000	69.000000	0.743421
69.000000	70.000000	0.736531
70.000000	71.000000	0.729672
71.000000	72.000000	0.722842
72.000000	73.000000	0.716041
73.000000	74.000000	0.709269
74.000000	75.000000	0.702525
75.000000	76.000000	0.695809
76.000000	77.000000	0.689121
77.000000	78.000000	0.682461
78.000000	79.000000	0.675828
79.000000	80.000000	0.669223
80.000000	81.000000	0.662645
81.000000	82.000000	0.656095
82.000000	83.000000	0.649573
83.000000	84.000000	0.643079
84.000000	85.000000	0.636614
85.000000	86.000000	0.630711
86.000000	87.000000	0.628636
87.000000	88.000000	0.627681
88.000000	89.000000	0.626739
89.000000	90.000000	0.625809
90.000000	91.000000	0.624892
91.000000	92.000000	0.623985
92.000000	93.000000	0.623091
93.000000	94.000000	0.622207
94.000000	95.000000	0.621334
95.000000	96.000000	0.620471
96.000000	97.000000	0.619619
97.000000	98.000000	0.618778
98.000000	99.000000	0.617947
99.000000	100.000000	0.617126
100.000000	101.000000	0.616315
101.000000	102.000000	0.615515
102.000000	103.000000	0.614724
103.000000	104.000000	0.613944
104.000000	105.000000	0.613174
105.000000	106.000000	0.612414
106.000000	107.000000	0.611664
107.000000	108.000000	0.610925
108.000000	109.000000	0.610195
109.000000	110.000000	0.609477
110.000000	111.000000	0.608768
111.000000	112.000000	0.608071
112.000000	113.000000	0.607384
113.000000	114.000000	0.606707
114.000000	115.000000	0.606042
115.000000	116.000000	0.605387
116.000000	117.000000	0.604744
117.000000	118.000000	0.604111
118.000000	119.000000	0.603489
119.000000	120.000000	0.602879
120.000000	121.000000	0.602281
121.000000	122.000000	0.601694
122.000000	123.000000	0.601118
123.000000	124.000000	0.600555
124.000000	125.000000	0.600003
125.000000	126.000000	0.599463
126.000000	127.000000	0.598936
127.000000	128.000000	0.598420
128.000000	129.000000	0.597917
129.000000	130.000000	0.597426
130.000000	131.000000	0.596947
131.000000	132.000000	0.596481
132.000000	133.000000	0.596028
133.000000	134.000000	0.595587
134.000000	135.000000	0.595159
135.000000	136.000000	0.594744
136.000000	137.000000	0.594341
137.000000	138.000000	0.593952
138.000000	139.000000	0.593576
139.000000	140.000000	0.593213
140.000000	141.000000	0.592863
141.000000	142.000000	0.592526
142.000000	143.000000	0.592203
143.000000	144.000000	0.591893
144.000000	145.000000	0.591596
145.000000	146.000000	0.591313
146.000000	147.000000	0.591044
147.000000	148.000000	0.590788
148.000000	149.000000	0.590545
149.000000	150.000000	0.590316
150.000000	151.000000	0.590100
151.000000	152.000000	0.589898
152.000000	153.000000	0.589710
153.000000	154.000000	0.589535
154.000000	155.000000	0.589374
155.000000	156.000000	0.589226
156.000000	157.000000	0.589092
157.000000	158.000000	0.588972
158.000000	159.000000	0.588866
159.000000	160.000000	0.588773
160.000000	161.000000	0.588693
161.000000	162.000000	0.588627
162.000000	163.000000	0.588575
163.000000	164.000000	0.588536
164.000000	165.000000	0.588510
165.000000	166.000000	0.588498
166.000000	167.000000	0.588498
167.000000	168.000000	0.588498
168.000000	169.000000	0.588498
169.000000	170.000000	0.588498
170.000000	171.000000	0.588498
171.000000	172.000000	0.588498
172.000000	173.000000	0.588498
173.000000	174.000000	0.588498
174.000000	175.000000	0.588498
175.000000	176.000000	0.588498
176.000000	177.000000	0.588498
177.000000	178.000000	0.588498
178.000000	179.000000	0.588498
179.000000	180.000000	0.588498
180.000000	181.000000	0.588498
181.000000	182.000000	0.588498
182.000000	183.000000	0.588498
183.000000	184.000000	0.588498
184.000000	185.000000	0.588498
185.000000	186.000000	0.588498
186.000000	187.000000	0.588498
187.000000	188.000000	0.588498
188.000000	189.000000	0.588498
189.000000	190.000000	0.588498
190.000000	191.000000	0.588498
191.000000	192.000000	0.588498
192.000000	193.000000	0.588498
193.000000	194.000000	0.588498
194.000000	195.000000	0.588498
195.000000	196.000000	0.588498
196.000000	197.000000	0.588498
197.000000	198.000000	0.588498
198.000000	199.000000	0.588498
199.000000	200.000000	0.588498
200.000000	201.000000	0.588498
201.000000	202.000000	0.588498
202.000000	203.000000	0.588498
203.000000	204.000000	0.588498
204.000000	205.000000	0.588498
205.000000	206.000000	0.588498
206.000000	207.000000	0.588498
207.000000	208.000000	0.588498
208.000000	209.000000	0.588498
209.000000	210.000000	0.588498
210.000000	211.000000	0.588498
211.000000	212.000000	0.588498
212.000000	213.000000	0.588498
213.000000	214.000000	0.588498
214.000000	215.000000	0.588498
215.000000	216.000000	0.588498
216.000000	217.000000	0.588498
217.000000	218.000000	0.588498
218.000000	219.000000	0.588498
219.000000	220.000000	0.588498
220.000000	221.000000	0.588498
221.000000	222.000000	0.588498
222.000000	223.000000	0.588498
223.000000	224.000000	0.588498
224.000000	225.000000	0.588498
225.000000	226.000000	0.588498
226.000000	227.000000	0.588498
227.000000	228.000000	0.588498
228.000000	229.000000	0.588498
229.000000	230.000000	0.588498
230.000000	231.000000	0.588498
231.000000	232.000000	0.588498
232.000000	233.000000	0.588498
233.000000	234.000000	0.588498
234.000000	235.000000	0.588498
235.000000	236.000000	0.588498
236.000000	237.000000	0.588498
237.000000	238.000000	0.588498
238.000000	239.000000	0.588498
239.000000	240.000000	0.588498
240.000000	241.000000	0.588498
241.000000	242.000000	0.588498
242.000000	243.000000	0.588498
243.000000	244.000000	0.588498
244.000000	245.000000	0.588498
245.000000	246.000000	0.588498
246.000000	247.000000	0.588498
247.000000	248.000000	0.588498
248.000000	249.000000	0.588498
249.000000	250.000000	0.588498
