250	#nbins
0	#lowbound
250	#highbound
0.	alternativeKfactor
0.	alternativeKfactorNNLO
----------------#table200
0.000000	1.000000	-1.616675
1.000000	2.000000	0.994972
2.000000	3.000000	1.254348
3.000000	4.000000	1.274474
4.000000	5.000000	1.285071
5.000000	6.000000	1.243058
6.000000	7.000000	1.227002
7.000000	8.000000	1.209120
8.000000	9.000000	1.196241
9.000000	10.000000	1.178103
10.000000	11.000000	1.160782
11.000000	12.000000	1.161354
12.000000	13.000000	1.154272
13.000000	14.000000	1.156800
14.000000	15.000000	1.149746
15.000000	16.000000	1.143100
16.000000	17.000000	1.157571
17.000000	18.000000	1.155650
18.000000	19.000000	1.153421
19.000000	20.000000	1.146679
20.000000	21.000000	1.136282
21.000000	22.000000	1.150110
22.000000	23.000000	1.119726
23.000000	24.000000	1.140139
24.000000	25.000000	1.121715
25.000000	26.000000	1.123324
26.000000	27.000000	1.118149
27.000000	28.000000	1.119903
28.000000	29.000000	1.113101
29.000000	30.000000	1.119623
30.000000	31.000000	1.098954
31.000000	32.000000	1.091020
32.000000	33.000000	1.087428
33.000000	34.000000	1.107005
34.000000	35.000000	1.089289
35.000000	36.000000	1.085500
36.000000	37.000000	1.093233
37.000000	38.000000	1.071883
38.000000	39.000000	1.068169
39.000000	40.000000	1.071706
40.000000	41.000000	1.066740
41.000000	42.000000	1.061573
42.000000	43.000000	1.056238
43.000000	44.000000	1.050766
44.000000	45.000000	1.045183
45.000000	46.000000	1.039513
46.000000	47.000000	1.033776
47.000000	48.000000	1.027990
48.000000	49.000000	1.022169
49.000000	50.000000	1.016325
50.000000	51.000000	1.010467
51.000000	52.000000	1.004604
52.000000	53.000000	0.998744
53.000000	54.000000	0.992893
54.000000	55.000000	0.987055
55.000000	56.000000	0.981233
56.000000	57.000000	0.975430
57.000000	58.000000	0.969649
58.000000	59.000000	0.963890
59.000000	60.000000	0.958155
60.000000	61.000000	0.952445
61.000000	62.000000	0.946760
62.000000	63.000000	0.941099
63.000000	64.000000	0.935464
64.000000	65.000000	0.929854
65.000000	66.000000	0.924268
66.000000	67.000000	0.918705
67.000000	68.000000	0.913164
68.000000	69.000000	0.907646
69.000000	70.000000	0.902150
70.000000	71.000000	0.896674
71.000000	72.000000	0.891218
72.000000	73.000000	0.885781
73.000000	74.000000	0.880363
74.000000	75.000000	0.874962
75.000000	76.000000	0.869577
76.000000	77.000000	0.864208
77.000000	78.000000	0.858855
78.000000	79.000000	0.853516
79.000000	80.000000	0.848191
80.000000	81.000000	0.842880
81.000000	82.000000	0.837580
82.000000	83.000000	0.832294
83.000000	84.000000	0.827018
84.000000	85.000000	0.821753
85.000000	86.000000	0.816499
86.000000	87.000000	0.811254
87.000000	88.000000	0.806020
88.000000	89.000000	0.800793
89.000000	90.000000	0.795576
90.000000	91.000000	0.790365
91.000000	92.000000	0.785162
92.000000	93.000000	0.779962
93.000000	94.000000	0.774783
94.000000	95.000000	0.769657
95.000000	96.000000	0.764457
96.000000	97.000000	0.759289
97.000000	98.000000	0.754130
98.000000	99.000000	0.748976
99.000000	100.000000	0.743829
100.000000	101.000000	0.738688
101.000000	102.000000	0.733553
102.000000	103.000000	0.728425
103.000000	104.000000	0.723303
104.000000	105.000000	0.718182
105.000000	106.000000	0.713069
106.000000	107.000000	0.707962
107.000000	108.000000	0.702860
108.000000	109.000000	0.697764
109.000000	110.000000	0.692672
110.000000	111.000000	0.687586
111.000000	112.000000	0.682505
112.000000	113.000000	0.677429
113.000000	114.000000	0.672358
114.000000	115.000000	0.667292
115.000000	116.000000	0.662231
116.000000	117.000000	0.657175
117.000000	118.000000	0.652124
118.000000	119.000000	0.647078
119.000000	120.000000	0.642036
120.000000	121.000000	0.637001
121.000000	122.000000	0.631969
122.000000	123.000000	0.626944
123.000000	124.000000	0.621924
124.000000	125.000000	0.616910
125.000000	126.000000	0.611901
126.000000	127.000000	0.606894
127.000000	128.000000	0.601892
128.000000	129.000000	0.596897
129.000000	130.000000	0.591907
130.000000	131.000000	0.588881
131.000000	132.000000	0.588112
132.000000	133.000000	0.587404
133.000000	134.000000	0.586702
134.000000	135.000000	0.586006
135.000000	136.000000	0.585315
136.000000	137.000000	0.584631
137.000000	138.000000	0.583952
138.000000	139.000000	0.583279
139.000000	140.000000	0.582611
140.000000	141.000000	0.581948
141.000000	142.000000	0.581292
142.000000	143.000000	0.580640
143.000000	144.000000	0.579995
144.000000	145.000000	0.579354
145.000000	146.000000	0.578719
146.000000	147.000000	0.578090
147.000000	148.000000	0.577466
148.000000	149.000000	0.576847
149.000000	150.000000	0.576234
150.000000	151.000000	0.575628
151.000000	152.000000	0.575026
152.000000	153.000000	0.574429
153.000000	154.000000	0.573839
154.000000	155.000000	0.573253
155.000000	156.000000	0.572674
156.000000	157.000000	0.572099
157.000000	158.000000	0.571531
158.000000	159.000000	0.570968
159.000000	160.000000	0.570410
160.000000	161.000000	0.569858
161.000000	162.000000	0.569313
162.000000	163.000000	0.568772
163.000000	164.000000	0.568237
164.000000	165.000000	0.567708
165.000000	166.000000	0.567184
166.000000	167.000000	0.566667
167.000000	168.000000	0.566156
168.000000	169.000000	0.565650
169.000000	170.000000	0.565151
170.000000	171.000000	0.564658
171.000000	172.000000	0.564170
172.000000	173.000000	0.563688
173.000000	174.000000	0.563213
174.000000	175.000000	0.562743
175.000000	176.000000	0.562280
176.000000	177.000000	0.561823
177.000000	178.000000	0.561373
178.000000	179.000000	0.560929
179.000000	180.000000	0.560491
180.000000	181.000000	0.560060
181.000000	182.000000	0.559635
182.000000	183.000000	0.559218
183.000000	184.000000	0.558807
184.000000	185.000000	0.558402
185.000000	186.000000	0.558004
186.000000	187.000000	0.557613
187.000000	188.000000	0.557229
188.000000	189.000000	0.556851
189.000000	190.000000	0.556481
190.000000	191.000000	0.556117
191.000000	192.000000	0.555760
192.000000	193.000000	0.555410
193.000000	194.000000	0.555067
194.000000	195.000000	0.554731
195.000000	196.000000	0.554402
196.000000	197.000000	0.554080
197.000000	198.000000	0.553765
198.000000	199.000000	0.553457
199.000000	200.000000	0.553157
200.000000	201.000000	0.552863
201.000000	202.000000	0.552578
202.000000	203.000000	0.552299
203.000000	204.000000	0.552029
204.000000	205.000000	0.551768
205.000000	206.000000	0.551510
206.000000	207.000000	0.551261
207.000000	208.000000	0.551019
208.000000	209.000000	0.550785
209.000000	210.000000	0.550559
210.000000	211.000000	0.550340
211.000000	212.000000	0.550129
212.000000	213.000000	0.549925
213.000000	214.000000	0.549729
214.000000	215.000000	0.549540
215.000000	216.000000	0.549360
216.000000	217.000000	0.549187
217.000000	218.000000	0.549021
218.000000	219.000000	0.548864
219.000000	220.000000	0.548713
220.000000	221.000000	0.548571
221.000000	222.000000	0.548437
222.000000	223.000000	0.548310
223.000000	224.000000	0.548191
224.000000	225.000000	0.548080
225.000000	226.000000	0.547977
226.000000	227.000000	0.547882
227.000000	228.000000	0.547794
228.000000	229.000000	0.547715
229.000000	230.000000	0.547643
230.000000	231.000000	0.547579
231.000000	232.000000	0.547523
232.000000	233.000000	0.547474
233.000000	234.000000	0.547434
234.000000	235.000000	0.547401
235.000000	236.000000	0.547376
236.000000	237.000000	0.547360
237.000000	238.000000	0.547351
238.000000	239.000000	0.547349
239.000000	240.000000	0.547356
240.000000	241.000000	0.547356
241.000000	242.000000	0.547356
242.000000	243.000000	0.547356
243.000000	244.000000	0.547356
244.000000	245.000000	0.547356
245.000000	246.000000	0.547356
246.000000	247.000000	0.547356
247.000000	248.000000	0.547356
248.000000	249.000000	0.547356
249.000000	250.000000	0.547356
