250	#nbins
0	#lowbound
250	#highbound
0.	alternativeKfactor
0.	alternativeKfactorNNLO
----------------#table200
0.000000	1.000000	0.324682
1.000000	2.000000	1.318912
2.000000	3.000000	1.435556
3.000000	4.000000	1.415051
4.000000	5.000000	1.353517
5.000000	6.000000	1.333215
6.000000	7.000000	1.260787
7.000000	8.000000	1.239521
8.000000	9.000000	1.230203
9.000000	10.000000	1.179260
10.000000	11.000000	1.209244
11.000000	12.000000	1.169679
12.000000	13.000000	1.165464
13.000000	14.000000	1.174913
14.000000	15.000000	1.160653
15.000000	16.000000	1.157384
16.000000	17.000000	1.152331
17.000000	18.000000	1.151848
18.000000	19.000000	1.141154
19.000000	20.000000	1.132607
20.000000	21.000000	1.119043
21.000000	22.000000	1.121804
22.000000	23.000000	1.109284
23.000000	24.000000	1.107298
24.000000	25.000000	1.095362
25.000000	26.000000	1.105351
26.000000	27.000000	1.080364
27.000000	28.000000	1.080564
28.000000	29.000000	1.074997
29.000000	30.000000	1.070528
30.000000	31.000000	1.055156
31.000000	32.000000	1.030569
32.000000	33.000000	1.047132
33.000000	34.000000	1.056785
34.000000	35.000000	1.026437
35.000000	36.000000	1.026113
36.000000	37.000000	1.008892
37.000000	38.000000	1.001284
38.000000	39.000000	0.982212
39.000000	40.000000	0.984702
40.000000	41.000000	0.976115
41.000000	42.000000	0.967566
42.000000	43.000000	0.959064
43.000000	44.000000	0.950610
44.000000	45.000000	0.942207
45.000000	46.000000	0.933855
46.000000	47.000000	0.925554
47.000000	48.000000	0.917303
48.000000	49.000000	0.909100
49.000000	50.000000	0.900944
50.000000	51.000000	0.892835
51.000000	52.000000	0.884769
52.000000	53.000000	0.876745
53.000000	54.000000	0.868761
54.000000	55.000000	0.860815
55.000000	56.000000	0.852906
56.000000	57.000000	0.845031
57.000000	58.000000	0.837188
58.000000	59.000000	0.829378
59.000000	60.000000	0.821597
60.000000	61.000000	0.813844
61.000000	62.000000	0.806120
62.000000	63.000000	0.798423
63.000000	64.000000	0.790750
64.000000	65.000000	0.783103
65.000000	66.000000	0.775479
66.000000	67.000000	0.767879
67.000000	68.000000	0.760302
68.000000	69.000000	0.752746
69.000000	70.000000	0.745212
70.000000	71.000000	0.737700
71.000000	72.000000	0.730208
72.000000	73.000000	0.722736
73.000000	74.000000	0.715285
74.000000	75.000000	0.707855
75.000000	76.000000	0.700445
76.000000	77.000000	0.693055
77.000000	78.000000	0.685684
78.000000	79.000000	0.678334
79.000000	80.000000	0.671004
80.000000	81.000000	0.663694
81.000000	82.000000	0.656404
82.000000	83.000000	0.649135
83.000000	84.000000	0.641885
84.000000	85.000000	0.634656
85.000000	86.000000	0.627448
86.000000	87.000000	0.620262
87.000000	88.000000	0.613094
88.000000	89.000000	0.605948
89.000000	90.000000	0.598823
90.000000	91.000000	0.591720
91.000000	92.000000	0.584639
92.000000	93.000000	0.577578
93.000000	94.000000	0.570540
94.000000	95.000000	0.563524
95.000000	96.000000	0.556530
96.000000	97.000000	0.549559
97.000000	98.000000	0.545464
98.000000	99.000000	0.544609
99.000000	100.000000	0.543834
100.000000	101.000000	0.543070
101.000000	102.000000	0.542317
102.000000	103.000000	0.541576
103.000000	104.000000	0.540846
104.000000	105.000000	0.540128
105.000000	106.000000	0.539420
106.000000	107.000000	0.538723
107.000000	108.000000	0.538036
108.000000	109.000000	0.537360
109.000000	110.000000	0.536694
110.000000	111.000000	0.536031
111.000000	112.000000	0.535426
112.000000	113.000000	0.534789
113.000000	114.000000	0.534160
114.000000	115.000000	0.533547
115.000000	116.000000	0.532946
116.000000	117.000000	0.532356
117.000000	118.000000	0.531778
118.000000	119.000000	0.531210
119.000000	120.000000	0.530653
120.000000	121.000000	0.530108
121.000000	122.000000	0.529573
122.000000	123.000000	0.529048
123.000000	124.000000	0.528535
124.000000	125.000000	0.528033
125.000000	126.000000	0.527542
126.000000	127.000000	0.527062
127.000000	128.000000	0.526593
128.000000	129.000000	0.526135
129.000000	130.000000	0.525688
130.000000	131.000000	0.525253
131.000000	132.000000	0.524828
132.000000	133.000000	0.524415
133.000000	134.000000	0.524014
134.000000	135.000000	0.523624
135.000000	136.000000	0.523245
136.000000	137.000000	0.522878
137.000000	138.000000	0.522522
138.000000	139.000000	0.522178
139.000000	140.000000	0.521845
140.000000	141.000000	0.521525
141.000000	142.000000	0.521217
142.000000	143.000000	0.520919
143.000000	144.000000	0.520633
144.000000	145.000000	0.520358
145.000000	146.000000	0.520095
146.000000	147.000000	0.519844
147.000000	148.000000	0.519605
148.000000	149.000000	0.519378
149.000000	150.000000	0.519162
150.000000	151.000000	0.518958
151.000000	152.000000	0.518767
152.000000	153.000000	0.518586
153.000000	154.000000	0.518418
154.000000	155.000000	0.518261
155.000000	156.000000	0.518117
156.000000	157.000000	0.517984
157.000000	158.000000	0.517863
158.000000	159.000000	0.517754
159.000000	160.000000	0.517656
160.000000	161.000000	0.517571
161.000000	162.000000	0.517497
162.000000	163.000000	0.517435
163.000000	164.000000	0.517384
164.000000	165.000000	0.517346
165.000000	166.000000	0.517318
166.000000	167.000000	0.517303
167.000000	168.000000	0.517299
168.000000	169.000000	0.517306
169.000000	170.000000	0.517306
170.000000	171.000000	0.517306
171.000000	172.000000	0.517306
172.000000	173.000000	0.517306
173.000000	174.000000	0.517306
174.000000	175.000000	0.517306
175.000000	176.000000	0.517306
176.000000	177.000000	0.517306
177.000000	178.000000	0.517306
178.000000	179.000000	0.517306
179.000000	180.000000	0.517306
180.000000	181.000000	0.517306
181.000000	182.000000	0.517306
182.000000	183.000000	0.517306
183.000000	184.000000	0.517306
184.000000	185.000000	0.517306
185.000000	186.000000	0.517306
186.000000	187.000000	0.517306
187.000000	188.000000	0.517306
188.000000	189.000000	0.517306
189.000000	190.000000	0.517306
190.000000	191.000000	0.517306
191.000000	192.000000	0.517306
192.000000	193.000000	0.517306
193.000000	194.000000	0.517306
194.000000	195.000000	0.517306
195.000000	196.000000	0.517306
196.000000	197.000000	0.517306
197.000000	198.000000	0.517306
198.000000	199.000000	0.517306
199.000000	200.000000	0.517306
200.000000	201.000000	0.517306
201.000000	202.000000	0.517306
202.000000	203.000000	0.517306
203.000000	204.000000	0.517306
204.000000	205.000000	0.517306
205.000000	206.000000	0.517306
206.000000	207.000000	0.517306
207.000000	208.000000	0.517306
208.000000	209.000000	0.517306
209.000000	210.000000	0.517306
210.000000	211.000000	0.517306
211.000000	212.000000	0.517306
212.000000	213.000000	0.517306
213.000000	214.000000	0.517306
214.000000	215.000000	0.517306
215.000000	216.000000	0.517306
216.000000	217.000000	0.517306
217.000000	218.000000	0.517306
218.000000	219.000000	0.517306
219.000000	220.000000	0.517306
220.000000	221.000000	0.517306
221.000000	222.000000	0.517306
222.000000	223.000000	0.517306
223.000000	224.000000	0.517306
224.000000	225.000000	0.517306
225.000000	226.000000	0.517306
226.000000	227.000000	0.517306
227.000000	228.000000	0.517306
228.000000	229.000000	0.517306
229.000000	230.000000	0.517306
230.000000	231.000000	0.517306
231.000000	232.000000	0.517306
232.000000	233.000000	0.517306
233.000000	234.000000	0.517306
234.000000	235.000000	0.517306
235.000000	236.000000	0.517306
236.000000	237.000000	0.517306
237.000000	238.000000	0.517306
238.000000	239.000000	0.517306
239.000000	240.000000	0.517306
240.000000	241.000000	0.517306
241.000000	242.000000	0.517306
242.000000	243.000000	0.517306
243.000000	244.000000	0.517306
244.000000	245.000000	0.517306
245.000000	246.000000	0.517306
246.000000	247.000000	0.517306
247.000000	248.000000	0.517306
248.000000	249.000000	0.517306
249.000000	250.000000	0.517306
