250	#nbins
0	#lowbound
250	#highbound
0.	alternativeKfactor
0.	alternativeKfactorNNLO
----------------#table200
0.000000	1.000000	0.184830
1.000000	2.000000	1.228819
2.000000	3.000000	1.360728
3.000000	4.000000	1.353016
4.000000	5.000000	1.302733
5.000000	6.000000	1.290443
6.000000	7.000000	1.225658
7.000000	8.000000	1.209028
8.000000	9.000000	1.203257
9.000000	10.000000	1.156022
10.000000	11.000000	1.187613
11.000000	12.000000	1.150501
12.000000	13.000000	1.147798
13.000000	14.000000	1.158323
14.000000	15.000000	1.145283
15.000000	16.000000	1.142926
16.000000	17.000000	1.138694
17.000000	18.000000	1.138904
18.000000	19.000000	1.128960
19.000000	20.000000	1.121099
20.000000	21.000000	1.108228
21.000000	22.000000	1.111495
22.000000	23.000000	1.099598
23.000000	24.000000	1.098131
24.000000	25.000000	1.086793
25.000000	26.000000	1.097217
26.000000	27.000000	1.072924
27.000000	28.000000	1.073641
28.000000	29.000000	1.068633
29.000000	30.000000	1.064724
30.000000	31.000000	1.049975
31.000000	32.000000	1.026050
32.000000	33.000000	1.043109
33.000000	34.000000	1.053315
34.000000	35.000000	1.023659
35.000000	36.000000	1.023946
36.000000	37.000000	1.007381
37.000000	38.000000	1.000415
38.000000	39.000000	0.981996
39.000000	40.000000	0.985142
40.000000	41.000000	0.977221
41.000000	42.000000	0.969349
42.000000	43.000000	0.961529
43.000000	44.000000	0.953766
44.000000	45.000000	0.946060
45.000000	46.000000	0.938412
46.000000	47.000000	0.930821
47.000000	48.000000	0.923287
48.000000	49.000000	0.915809
49.000000	50.000000	0.908385
50.000000	51.000000	0.901013
51.000000	52.000000	0.893690
52.000000	53.000000	0.886414
53.000000	54.000000	0.879185
54.000000	55.000000	0.872000
55.000000	56.000000	0.864856
56.000000	57.000000	0.857752
57.000000	58.000000	0.850687
58.000000	59.000000	0.843658
59.000000	60.000000	0.836664
60.000000	61.000000	0.829704
61.000000	62.000000	0.822776
62.000000	63.000000	0.815880
63.000000	64.000000	0.809014
64.000000	65.000000	0.802178
65.000000	66.000000	0.795370
66.000000	67.000000	0.788590
67.000000	68.000000	0.781835
68.000000	69.000000	0.775108
69.000000	70.000000	0.768406
70.000000	71.000000	0.761730
71.000000	72.000000	0.755079
72.000000	73.000000	0.748452
73.000000	74.000000	0.741850
74.000000	75.000000	0.735273
75.000000	76.000000	0.728719
76.000000	77.000000	0.722189
77.000000	78.000000	0.715683
78.000000	79.000000	0.709201
79.000000	80.000000	0.702742
80.000000	81.000000	0.696307
81.000000	82.000000	0.689896
82.000000	83.000000	0.683509
83.000000	84.000000	0.677145
84.000000	85.000000	0.670805
85.000000	86.000000	0.664490
86.000000	87.000000	0.658199
87.000000	88.000000	0.651932
88.000000	89.000000	0.645690
89.000000	90.000000	0.639473
90.000000	91.000000	0.633720
91.000000	92.000000	0.631475
92.000000	93.000000	0.630528
93.000000	94.000000	0.629593
94.000000	95.000000	0.628671
95.000000	96.000000	0.627761
96.000000	97.000000	0.626862
97.000000	98.000000	0.625976
98.000000	99.000000	0.625100
99.000000	100.000000	0.624235
100.000000	101.000000	0.623382
101.000000	102.000000	0.622540
102.000000	103.000000	0.621708
103.000000	104.000000	0.620887
104.000000	105.000000	0.620077
105.000000	106.000000	0.619277
106.000000	107.000000	0.618488
107.000000	108.000000	0.617709
108.000000	109.000000	0.616941
109.000000	110.000000	0.616183
110.000000	111.000000	0.615436
111.000000	112.000000	0.614699
112.000000	113.000000	0.613972
113.000000	114.000000	0.613256
114.000000	115.000000	0.612551
115.000000	116.000000	0.611856
116.000000	117.000000	0.611172
117.000000	118.000000	0.610498
118.000000	119.000000	0.609835
119.000000	120.000000	0.609183
120.000000	121.000000	0.608542
121.000000	122.000000	0.607912
122.000000	123.000000	0.607292
123.000000	124.000000	0.606684
124.000000	125.000000	0.606087
125.000000	126.000000	0.605500
126.000000	127.000000	0.604926
127.000000	128.000000	0.604362
128.000000	129.000000	0.603810
129.000000	130.000000	0.603269
130.000000	131.000000	0.602740
131.000000	132.000000	0.602223
132.000000	133.000000	0.601717
133.000000	134.000000	0.601223
134.000000	135.000000	0.600740
135.000000	136.000000	0.600270
136.000000	137.000000	0.599811
137.000000	138.000000	0.599365
138.000000	139.000000	0.598930
139.000000	140.000000	0.598508
140.000000	141.000000	0.598097
141.000000	142.000000	0.597699
142.000000	143.000000	0.597313
143.000000	144.000000	0.596939
144.000000	145.000000	0.596578
145.000000	146.000000	0.596229
146.000000	147.000000	0.595893
147.000000	148.000000	0.595569
148.000000	149.000000	0.595257
149.000000	150.000000	0.594958
150.000000	151.000000	0.594671
151.000000	152.000000	0.594396
152.000000	153.000000	0.594135
153.000000	154.000000	0.593886
154.000000	155.000000	0.593649
155.000000	156.000000	0.593425
156.000000	157.000000	0.593214
157.000000	158.000000	0.593015
158.000000	159.000000	0.592829
159.000000	160.000000	0.592655
160.000000	161.000000	0.592494
161.000000	162.000000	0.592344
162.000000	163.000000	0.592207
163.000000	164.000000	0.592083
164.000000	165.000000	0.591970
165.000000	166.000000	0.591869
166.000000	167.000000	0.591781
167.000000	168.000000	0.591705
168.000000	169.000000	0.591642
169.000000	170.000000	0.591590
170.000000	171.000000	0.591550
171.000000	172.000000	0.591523
172.000000	173.000000	0.591507
173.000000	174.000000	0.591504
174.000000	175.000000	0.591512
175.000000	176.000000	0.591512
176.000000	177.000000	0.591512
177.000000	178.000000	0.591512
178.000000	179.000000	0.591512
179.000000	180.000000	0.591512
180.000000	181.000000	0.591512
181.000000	182.000000	0.591512
182.000000	183.000000	0.591512
183.000000	184.000000	0.591512
184.000000	185.000000	0.591512
185.000000	186.000000	0.591512
186.000000	187.000000	0.591512
187.000000	188.000000	0.591512
188.000000	189.000000	0.591512
189.000000	190.000000	0.591512
190.000000	191.000000	0.591512
191.000000	192.000000	0.591512
192.000000	193.000000	0.591512
193.000000	194.000000	0.591512
194.000000	195.000000	0.591512
195.000000	196.000000	0.591512
196.000000	197.000000	0.591512
197.000000	198.000000	0.591512
198.000000	199.000000	0.591512
199.000000	200.000000	0.591512
200.000000	201.000000	0.591512
201.000000	202.000000	0.591512
202.000000	203.000000	0.591512
203.000000	204.000000	0.591512
204.000000	205.000000	0.591512
205.000000	206.000000	0.591512
206.000000	207.000000	0.591512
207.000000	208.000000	0.591512
208.000000	209.000000	0.591512
209.000000	210.000000	0.591512
210.000000	211.000000	0.591512
211.000000	212.000000	0.591512
212.000000	213.000000	0.591512
213.000000	214.000000	0.591512
214.000000	215.000000	0.591512
215.000000	216.000000	0.591512
216.000000	217.000000	0.591512
217.000000	218.000000	0.591512
218.000000	219.000000	0.591512
219.000000	220.000000	0.591512
220.000000	221.000000	0.591512
221.000000	222.000000	0.591512
222.000000	223.000000	0.591512
223.000000	224.000000	0.591512
224.000000	225.000000	0.591512
225.000000	226.000000	0.591512
226.000000	227.000000	0.591512
227.000000	228.000000	0.591512
228.000000	229.000000	0.591512
229.000000	230.000000	0.591512
230.000000	231.000000	0.591512
231.000000	232.000000	0.591512
232.000000	233.000000	0.591512
233.000000	234.000000	0.591512
234.000000	235.000000	0.591512
235.000000	236.000000	0.591512
236.000000	237.000000	0.591512
237.000000	238.000000	0.591512
238.000000	239.000000	0.591512
239.000000	240.000000	0.591512
240.000000	241.000000	0.591512
241.000000	242.000000	0.591512
242.000000	243.000000	0.591512
243.000000	244.000000	0.591512
244.000000	245.000000	0.591512
245.000000	246.000000	0.591512
246.000000	247.000000	0.591512
247.000000	248.000000	0.591512
248.000000	249.000000	0.591512
249.000000	250.000000	0.591512
