250	#nbins
0	#lowbound
250	#highbound
0.	alternativeKfactor
0.	alternativeKfactorNNLO
----------------#table200
0.000000	1.000000	-1.247206
1.000000	2.000000	0.964308
2.000000	3.000000	1.273632
3.000000	4.000000	1.269790
4.000000	5.000000	1.246775
5.000000	6.000000	1.237384
6.000000	7.000000	1.207324
7.000000	8.000000	1.194315
8.000000	9.000000	1.169087
9.000000	10.000000	1.141276
10.000000	11.000000	1.144551
11.000000	12.000000	1.141392
12.000000	13.000000	1.137439
13.000000	14.000000	1.142335
14.000000	15.000000	1.144774
15.000000	16.000000	1.118593
16.000000	17.000000	1.129440
17.000000	18.000000	1.128806
18.000000	19.000000	1.121303
19.000000	20.000000	1.131768
20.000000	21.000000	1.109305
21.000000	22.000000	1.121772
22.000000	23.000000	1.113646
23.000000	24.000000	1.108983
24.000000	25.000000	1.107825
25.000000	26.000000	1.089913
26.000000	27.000000	1.105668
27.000000	28.000000	1.104347
28.000000	29.000000	1.098800
29.000000	30.000000	1.083022
30.000000	31.000000	1.099987
31.000000	32.000000	1.083726
32.000000	33.000000	1.065341
33.000000	34.000000	1.047427
34.000000	35.000000	1.067572
35.000000	36.000000	1.060554
36.000000	37.000000	1.058805
37.000000	38.000000	1.057193
38.000000	39.000000	1.051682
39.000000	40.000000	1.042574
40.000000	41.000000	1.037265
41.000000	42.000000	1.031902
42.000000	43.000000	1.026507
43.000000	44.000000	1.021097
44.000000	45.000000	1.015689
45.000000	46.000000	1.010292
46.000000	47.000000	1.004919
47.000000	48.000000	0.999575
48.000000	49.000000	0.994266
49.000000	50.000000	0.988998
50.000000	51.000000	0.983773
51.000000	52.000000	0.978591
52.000000	53.000000	0.973456
53.000000	54.000000	0.968366
54.000000	55.000000	0.963323
55.000000	56.000000	0.958325
56.000000	57.000000	0.953373
57.000000	58.000000	0.948466
58.000000	59.000000	0.943602
59.000000	60.000000	0.938779
60.000000	61.000000	0.933997
61.000000	62.000000	0.929255
62.000000	63.000000	0.924550
63.000000	64.000000	0.919881
64.000000	65.000000	0.915246
65.000000	66.000000	0.910643
66.000000	67.000000	0.906071
67.000000	68.000000	0.901529
68.000000	69.000000	0.897014
69.000000	70.000000	0.892526
70.000000	71.000000	0.888063
71.000000	72.000000	0.883624
72.000000	73.000000	0.879208
73.000000	74.000000	0.874815
74.000000	75.000000	0.870442
75.000000	76.000000	0.866088
76.000000	77.000000	0.861753
77.000000	78.000000	0.857436
78.000000	79.000000	0.853136
79.000000	80.000000	0.848851
80.000000	81.000000	0.844583
81.000000	82.000000	0.840329
82.000000	83.000000	0.836089
83.000000	84.000000	0.831863
84.000000	85.000000	0.827650
85.000000	86.000000	0.823449
86.000000	87.000000	0.819261
87.000000	88.000000	0.815087
88.000000	89.000000	0.810918
89.000000	90.000000	0.806764
90.000000	91.000000	0.802620
91.000000	92.000000	0.798487
92.000000	93.000000	0.794364
93.000000	94.000000	0.790252
94.000000	95.000000	0.786149
95.000000	96.000000	0.782057
96.000000	97.000000	0.777973
97.000000	98.000000	0.773899
98.000000	99.000000	0.769834
99.000000	100.000000	0.765777
100.000000	101.000000	0.761730
101.000000	102.000000	0.757693
102.000000	103.000000	0.753665
103.000000	104.000000	0.749644
104.000000	105.000000	0.745631
105.000000	106.000000	0.741628
106.000000	107.000000	0.737635
107.000000	108.000000	0.733653
108.000000	109.000000	0.729680
109.000000	110.000000	0.725715
110.000000	111.000000	0.721757
111.000000	112.000000	0.717808
112.000000	113.000000	0.713869
113.000000	114.000000	0.709940
114.000000	115.000000	0.706021
115.000000	116.000000	0.702112
116.000000	117.000000	0.698370
117.000000	118.000000	0.696421
118.000000	119.000000	0.695477
119.000000	120.000000	0.694539
120.000000	121.000000	0.693606
121.000000	122.000000	0.692680
122.000000	123.000000	0.691759
123.000000	124.000000	0.690842
124.000000	125.000000	0.689927
125.000000	126.000000	0.688995
126.000000	127.000000	0.688184
127.000000	128.000000	0.687281
128.000000	129.000000	0.686380
129.000000	130.000000	0.685492
130.000000	131.000000	0.684612
131.000000	132.000000	0.683737
132.000000	133.000000	0.682869
133.000000	134.000000	0.682006
134.000000	135.000000	0.681149
135.000000	136.000000	0.680296
136.000000	137.000000	0.679449
137.000000	138.000000	0.678607
138.000000	139.000000	0.677770
139.000000	140.000000	0.676938
140.000000	141.000000	0.676110
141.000000	142.000000	0.675287
142.000000	143.000000	0.674470
143.000000	144.000000	0.673656
144.000000	145.000000	0.672848
145.000000	146.000000	0.672046
146.000000	147.000000	0.671249
147.000000	148.000000	0.670456
148.000000	149.000000	0.669670
149.000000	150.000000	0.668888
150.000000	151.000000	0.668115
151.000000	152.000000	0.667345
152.000000	153.000000	0.666578
153.000000	154.000000	0.665817
154.000000	155.000000	0.665061
155.000000	156.000000	0.664311
156.000000	157.000000	0.663567
157.000000	158.000000	0.662828
158.000000	159.000000	0.662095
159.000000	160.000000	0.661368
160.000000	161.000000	0.660646
161.000000	162.000000	0.659930
162.000000	163.000000	0.659220
163.000000	164.000000	0.658515
164.000000	165.000000	0.657817
165.000000	166.000000	0.657123
166.000000	167.000000	0.656436
167.000000	168.000000	0.655755
168.000000	169.000000	0.655080
169.000000	170.000000	0.654411
170.000000	171.000000	0.653747
171.000000	172.000000	0.653090
172.000000	173.000000	0.652439
173.000000	174.000000	0.651795
174.000000	175.000000	0.651156
175.000000	176.000000	0.650524
176.000000	177.000000	0.649898
177.000000	178.000000	0.649278
178.000000	179.000000	0.648664
179.000000	180.000000	0.648057
180.000000	181.000000	0.647456
181.000000	182.000000	0.646862
182.000000	183.000000	0.646274
183.000000	184.000000	0.645693
184.000000	185.000000	0.645118
185.000000	186.000000	0.644549
186.000000	187.000000	0.643987
187.000000	188.000000	0.643432
188.000000	189.000000	0.642882
189.000000	190.000000	0.642340
190.000000	191.000000	0.641803
191.000000	192.000000	0.641274
192.000000	193.000000	0.640751
193.000000	194.000000	0.640236
194.000000	195.000000	0.639728
195.000000	196.000000	0.639222
196.000000	197.000000	0.638723
197.000000	198.000000	0.638233
198.000000	199.000000	0.637750
199.000000	200.000000	0.637273
200.000000	201.000000	0.636803
201.000000	202.000000	0.636339
202.000000	203.000000	0.635882
203.000000	204.000000	0.635431
204.000000	205.000000	0.634986
205.000000	206.000000	0.634548
206.000000	207.000000	0.634116
207.000000	208.000000	0.633691
208.000000	209.000000	0.633271
209.000000	210.000000	0.632858
210.000000	211.000000	0.632452
211.000000	212.000000	0.632051
212.000000	213.000000	0.631657
213.000000	214.000000	0.631269
214.000000	215.000000	0.630887
215.000000	216.000000	0.630510
216.000000	217.000000	0.630140
217.000000	218.000000	0.629776
218.000000	219.000000	0.629417
219.000000	220.000000	0.629064
220.000000	221.000000	0.628717
221.000000	222.000000	0.628376
222.000000	223.000000	0.628040
223.000000	224.000000	0.627710
224.000000	225.000000	0.627385
225.000000	226.000000	0.627065
226.000000	227.000000	0.626750
227.000000	228.000000	0.626440
228.000000	229.000000	0.626136
229.000000	230.000000	0.625836
230.000000	231.000000	0.625541
231.000000	232.000000	0.625251
232.000000	233.000000	0.624966
233.000000	234.000000	0.624685
234.000000	235.000000	0.624408
235.000000	236.000000	0.624136
236.000000	237.000000	0.623867
237.000000	238.000000	0.623603
238.000000	239.000000	0.623342
239.000000	240.000000	0.623085
240.000000	241.000000	0.622832
241.000000	242.000000	0.622582
242.000000	243.000000	0.622335
243.000000	244.000000	0.622091
244.000000	245.000000	0.621850
245.000000	246.000000	0.621612
246.000000	247.000000	0.621377
247.000000	248.000000	0.621144
248.000000	249.000000	0.620913
249.000000	250.000000	0.620684
