250	#nbins
0	#lowbound
250	#highbound
0.	alternativeKfactor
0.	alternativeKfactorNNLO
----------------#table200
0.000000	1.000000	0.506870
1.000000	2.000000	1.404900
2.000000	3.000000	1.470486
3.000000	4.000000	1.429888
4.000000	5.000000	1.371659
5.000000	6.000000	1.334435
6.000000	7.000000	1.265625
7.000000	8.000000	1.239735
8.000000	9.000000	1.218049
9.000000	10.000000	1.198004
10.000000	11.000000	1.187697
11.000000	12.000000	1.180821
12.000000	13.000000	1.169874
13.000000	14.000000	1.174884
14.000000	15.000000	1.147506
15.000000	16.000000	1.159170
16.000000	17.000000	1.149685
17.000000	18.000000	1.130440
18.000000	19.000000	1.130785
19.000000	20.000000	1.119587
20.000000	21.000000	1.125021
21.000000	22.000000	1.116426
22.000000	23.000000	1.107655
23.000000	24.000000	1.113001
24.000000	25.000000	1.101174
25.000000	26.000000	1.072478
26.000000	27.000000	1.087896
27.000000	28.000000	1.073406
28.000000	29.000000	1.070208
29.000000	30.000000	1.052849
30.000000	31.000000	1.059214
31.000000	32.000000	1.019886
32.000000	33.000000	1.040940
33.000000	34.000000	1.028635
34.000000	35.000000	1.011490
35.000000	36.000000	0.999093
36.000000	37.000000	0.993313
37.000000	38.000000	0.985066
38.000000	39.000000	0.961613
39.000000	40.000000	0.964559
40.000000	41.000000	0.954755
41.000000	42.000000	0.945090
42.000000	43.000000	0.935565
43.000000	44.000000	0.926176
44.000000	45.000000	0.916919
45.000000	46.000000	0.907789
46.000000	47.000000	0.898773
47.000000	48.000000	0.889862
48.000000	49.000000	0.881057
49.000000	50.000000	0.872347
50.000000	51.000000	0.863726
51.000000	52.000000	0.855185
52.000000	53.000000	0.846720
53.000000	54.000000	0.838325
54.000000	55.000000	0.829993
55.000000	56.000000	0.821722
56.000000	57.000000	0.813505
57.000000	58.000000	0.805339
58.000000	59.000000	0.797221
59.000000	60.000000	0.789147
60.000000	61.000000	0.781116
61.000000	62.000000	0.773122
62.000000	63.000000	0.765166
63.000000	64.000000	0.757244
64.000000	65.000000	0.749355
65.000000	66.000000	0.741498
66.000000	67.000000	0.733671
67.000000	68.000000	0.725873
68.000000	69.000000	0.718102
69.000000	70.000000	0.710358
70.000000	71.000000	0.702641
71.000000	72.000000	0.694949
72.000000	73.000000	0.687283
73.000000	74.000000	0.679641
74.000000	75.000000	0.672024
75.000000	76.000000	0.664431
76.000000	77.000000	0.656862
77.000000	78.000000	0.649317
78.000000	79.000000	0.641796
79.000000	80.000000	0.634299
80.000000	81.000000	0.626827
81.000000	82.000000	0.619378
82.000000	83.000000	0.611952
83.000000	84.000000	0.604550
84.000000	85.000000	0.597177
85.000000	86.000000	0.589828
86.000000	87.000000	0.582502
87.000000	88.000000	0.575201
88.000000	89.000000	0.567925
89.000000	90.000000	0.560676
90.000000	91.000000	0.553452
91.000000	92.000000	0.546502
92.000000	93.000000	0.543245
93.000000	94.000000	0.542445
94.000000	95.000000	0.541657
95.000000	96.000000	0.540880
96.000000	97.000000	0.540115
97.000000	98.000000	0.539361
98.000000	99.000000	0.538618
99.000000	100.000000	0.537887
100.000000	101.000000	0.537166
101.000000	102.000000	0.536456
102.000000	103.000000	0.535757
103.000000	104.000000	0.535068
104.000000	105.000000	0.534390
105.000000	106.000000	0.533722
106.000000	107.000000	0.533062
107.000000	108.000000	0.532409
108.000000	109.000000	0.531809
109.000000	110.000000	0.531179
110.000000	111.000000	0.530562
111.000000	112.000000	0.529958
112.000000	113.000000	0.529366
113.000000	114.000000	0.528786
114.000000	115.000000	0.528216
115.000000	116.000000	0.527658
116.000000	117.000000	0.527111
117.000000	118.000000	0.526576
118.000000	119.000000	0.526051
119.000000	120.000000	0.525538
120.000000	121.000000	0.525037
121.000000	122.000000	0.524546
122.000000	123.000000	0.524068
123.000000	124.000000	0.523601
124.000000	125.000000	0.523145
125.000000	126.000000	0.522701
126.000000	127.000000	0.522270
127.000000	128.000000	0.521849
128.000000	129.000000	0.521441
129.000000	130.000000	0.521045
130.000000	131.000000	0.520661
131.000000	132.000000	0.520289
132.000000	133.000000	0.519930
133.000000	134.000000	0.519582
134.000000	135.000000	0.519247
135.000000	136.000000	0.518924
136.000000	137.000000	0.518614
137.000000	138.000000	0.518316
138.000000	139.000000	0.518031
139.000000	140.000000	0.517758
140.000000	141.000000	0.517498
141.000000	142.000000	0.517251
142.000000	143.000000	0.517016
143.000000	144.000000	0.516793
144.000000	145.000000	0.516584
145.000000	146.000000	0.516387
146.000000	147.000000	0.516203
147.000000	148.000000	0.516032
148.000000	149.000000	0.515874
149.000000	150.000000	0.515728
150.000000	151.000000	0.515596
151.000000	152.000000	0.515476
152.000000	153.000000	0.515369
153.000000	154.000000	0.515275
154.000000	155.000000	0.515194
155.000000	156.000000	0.515126
156.000000	157.000000	0.515070
157.000000	158.000000	0.515028
158.000000	159.000000	0.514998
159.000000	160.000000	0.514981
160.000000	161.000000	0.514977
161.000000	162.000000	0.514985
162.000000	163.000000	0.514985
163.000000	164.000000	0.514985
164.000000	165.000000	0.514985
165.000000	166.000000	0.514985
166.000000	167.000000	0.514985
167.000000	168.000000	0.514985
168.000000	169.000000	0.514985
169.000000	170.000000	0.514985
170.000000	171.000000	0.514985
171.000000	172.000000	0.514985
172.000000	173.000000	0.514985
173.000000	174.000000	0.514985
174.000000	175.000000	0.514985
175.000000	176.000000	0.514985
176.000000	177.000000	0.514985
177.000000	178.000000	0.514985
178.000000	179.000000	0.514985
179.000000	180.000000	0.514985
180.000000	181.000000	0.514985
181.000000	182.000000	0.514985
182.000000	183.000000	0.514985
183.000000	184.000000	0.514985
184.000000	185.000000	0.514985
185.000000	186.000000	0.514985
186.000000	187.000000	0.514985
187.000000	188.000000	0.514985
188.000000	189.000000	0.514985
189.000000	190.000000	0.514985
190.000000	191.000000	0.514985
191.000000	192.000000	0.514985
192.000000	193.000000	0.514985
193.000000	194.000000	0.514985
194.000000	195.000000	0.514985
195.000000	196.000000	0.514985
196.000000	197.000000	0.514985
197.000000	198.000000	0.514985
198.000000	199.000000	0.514985
199.000000	200.000000	0.514985
200.000000	201.000000	0.514985
201.000000	202.000000	0.514985
202.000000	203.000000	0.514985
203.000000	204.000000	0.514985
204.000000	205.000000	0.514985
205.000000	206.000000	0.514985
206.000000	207.000000	0.514985
207.000000	208.000000	0.514985
208.000000	209.000000	0.514985
209.000000	210.000000	0.514985
210.000000	211.000000	0.514985
211.000000	212.000000	0.514985
212.000000	213.000000	0.514985
213.000000	214.000000	0.514985
214.000000	215.000000	0.514985
215.000000	216.000000	0.514985
216.000000	217.000000	0.514985
217.000000	218.000000	0.514985
218.000000	219.000000	0.514985
219.000000	220.000000	0.514985
220.000000	221.000000	0.514985
221.000000	222.000000	0.514985
222.000000	223.000000	0.514985
223.000000	224.000000	0.514985
224.000000	225.000000	0.514985
225.000000	226.000000	0.514985
226.000000	227.000000	0.514985
227.000000	228.000000	0.514985
228.000000	229.000000	0.514985
229.000000	230.000000	0.514985
230.000000	231.000000	0.514985
231.000000	232.000000	0.514985
232.000000	233.000000	0.514985
233.000000	234.000000	0.514985
234.000000	235.000000	0.514985
235.000000	236.000000	0.514985
236.000000	237.000000	0.514985
237.000000	238.000000	0.514985
238.000000	239.000000	0.514985
239.000000	240.000000	0.514985
240.000000	241.000000	0.514985
241.000000	242.000000	0.514985
242.000000	243.000000	0.514985
243.000000	244.000000	0.514985
244.000000	245.000000	0.514985
245.000000	246.000000	0.514985
246.000000	247.000000	0.514985
247.000000	248.000000	0.514985
248.000000	249.000000	0.514985
249.000000	250.000000	0.514985
