250	#nbins
0	#lowbound
250	#highbound
0.	alternativeKfactor
0.	alternativeKfactorNNLO
----------------#table200
0.000000	1.000000	0.083464
1.000000	2.000000	1.243057
2.000000	3.000000	1.360277
3.000000	4.000000	1.347638
4.000000	5.000000	1.300840
5.000000	6.000000	1.277036
6.000000	7.000000	1.246729
7.000000	8.000000	1.209674
8.000000	9.000000	1.188490
9.000000	10.000000	1.171837
10.000000	11.000000	1.170569
11.000000	12.000000	1.148402
12.000000	13.000000	1.146210
13.000000	14.000000	1.160388
14.000000	15.000000	1.169770
15.000000	16.000000	1.139881
16.000000	17.000000	1.138403
17.000000	18.000000	1.146816
18.000000	19.000000	1.139455
19.000000	20.000000	1.125769
20.000000	21.000000	1.147254
21.000000	22.000000	1.127888
22.000000	23.000000	1.126118
23.000000	24.000000	1.125458
24.000000	25.000000	1.123962
25.000000	26.000000	1.122749
26.000000	27.000000	1.127603
27.000000	28.000000	1.095471
28.000000	29.000000	1.121216
29.000000	30.000000	1.092331
30.000000	31.000000	1.097161
31.000000	32.000000	1.091845
32.000000	33.000000	1.068509
33.000000	34.000000	1.081083
34.000000	35.000000	1.092480
35.000000	36.000000	1.077122
36.000000	37.000000	1.047353
37.000000	38.000000	1.048090
38.000000	39.000000	1.050504
39.000000	40.000000	1.046959
40.000000	41.000000	1.040890
41.000000	42.000000	1.034663
42.000000	43.000000	1.028302
43.000000	44.000000	1.021830
44.000000	45.000000	1.015271
45.000000	46.000000	1.008641
46.000000	47.000000	1.001959
47.000000	48.000000	0.995237
48.000000	49.000000	0.988486
49.000000	50.000000	0.981718
50.000000	51.000000	0.974940
51.000000	52.000000	0.968161
52.000000	53.000000	0.961385
53.000000	54.000000	0.954618
54.000000	55.000000	0.947861
55.000000	56.000000	0.941120
56.000000	57.000000	0.934396
57.000000	58.000000	0.927692
58.000000	59.000000	0.921008
59.000000	60.000000	0.914347
60.000000	61.000000	0.907707
61.000000	62.000000	0.901090
62.000000	63.000000	0.894496
63.000000	64.000000	0.887924
64.000000	65.000000	0.881375
65.000000	66.000000	0.874848
66.000000	67.000000	0.868342
67.000000	68.000000	0.861857
68.000000	69.000000	0.855393
69.000000	70.000000	0.848949
70.000000	71.000000	0.842524
71.000000	72.000000	0.836119
72.000000	73.000000	0.829732
73.000000	74.000000	0.823362
74.000000	75.000000	0.817009
75.000000	76.000000	0.810673
76.000000	77.000000	0.804352
77.000000	78.000000	0.798046
78.000000	79.000000	0.791755
79.000000	80.000000	0.785478
80.000000	81.000000	0.779214
81.000000	82.000000	0.772964
82.000000	83.000000	0.766727
83.000000	84.000000	0.760502
84.000000	85.000000	0.754289
85.000000	86.000000	0.748088
86.000000	87.000000	0.741897
87.000000	88.000000	0.735721
88.000000	89.000000	0.729549
89.000000	90.000000	0.723391
90.000000	91.000000	0.717242
91.000000	92.000000	0.711103
92.000000	93.000000	0.704973
93.000000	94.000000	0.698853
94.000000	95.000000	0.692742
95.000000	96.000000	0.686639
96.000000	97.000000	0.680546
97.000000	98.000000	0.674461
98.000000	99.000000	0.668385
99.000000	100.000000	0.662317
100.000000	101.000000	0.656257
101.000000	102.000000	0.650206
102.000000	103.000000	0.644164
103.000000	104.000000	0.638127
104.000000	105.000000	0.632096
105.000000	106.000000	0.626075
106.000000	107.000000	0.620063
107.000000	108.000000	0.614058
108.000000	109.000000	0.608060
109.000000	110.000000	0.602070
110.000000	111.000000	0.596088
111.000000	112.000000	0.590113
112.000000	113.000000	0.584146
113.000000	114.000000	0.578186
114.000000	115.000000	0.572719
115.000000	116.000000	0.570942
116.000000	117.000000	0.570412
117.000000	118.000000	0.569890
118.000000	119.000000	0.569377
119.000000	120.000000	0.568871
120.000000	121.000000	0.568374
121.000000	122.000000	0.567883
122.000000	123.000000	0.567400
123.000000	124.000000	0.566926
124.000000	125.000000	0.566459
125.000000	126.000000	0.565996
126.000000	127.000000	0.565541
127.000000	128.000000	0.565094
128.000000	129.000000	0.564654
129.000000	130.000000	0.564221
130.000000	131.000000	0.563795
131.000000	132.000000	0.563375
132.000000	133.000000	0.562963
133.000000	134.000000	0.562557
134.000000	135.000000	0.562157
135.000000	136.000000	0.561765
136.000000	137.000000	0.561379
137.000000	138.000000	0.560999
138.000000	139.000000	0.560626
139.000000	140.000000	0.560260
140.000000	141.000000	0.559900
141.000000	142.000000	0.559546
142.000000	143.000000	0.559199
143.000000	144.000000	0.558859
144.000000	145.000000	0.558525
145.000000	146.000000	0.558197
146.000000	147.000000	0.557878
147.000000	148.000000	0.557563
148.000000	149.000000	0.557251
149.000000	150.000000	0.556948
150.000000	151.000000	0.556652
151.000000	152.000000	0.556363
152.000000	153.000000	0.556081
153.000000	154.000000	0.555805
154.000000	155.000000	0.555535
155.000000	156.000000	0.555271
156.000000	157.000000	0.555015
157.000000	158.000000	0.554764
158.000000	159.000000	0.554520
159.000000	160.000000	0.554283
160.000000	161.000000	0.554052
161.000000	162.000000	0.553827
162.000000	163.000000	0.553609
163.000000	164.000000	0.553397
164.000000	165.000000	0.553192
165.000000	166.000000	0.552993
166.000000	167.000000	0.552801
167.000000	168.000000	0.552615
168.000000	169.000000	0.552436
169.000000	170.000000	0.552263
170.000000	171.000000	0.552096
171.000000	172.000000	0.551936
172.000000	173.000000	0.551783
173.000000	174.000000	0.551636
174.000000	175.000000	0.551495
175.000000	176.000000	0.551360
176.000000	177.000000	0.551232
177.000000	178.000000	0.551111
178.000000	179.000000	0.550995
179.000000	180.000000	0.550886
180.000000	181.000000	0.550784
181.000000	182.000000	0.550687
182.000000	183.000000	0.550597
183.000000	184.000000	0.550514
184.000000	185.000000	0.550437
185.000000	186.000000	0.550365
186.000000	187.000000	0.550299
187.000000	188.000000	0.550239
188.000000	189.000000	0.550184
189.000000	190.000000	0.550136
190.000000	191.000000	0.550093
191.000000	192.000000	0.550056
192.000000	193.000000	0.550024
193.000000	194.000000	0.549998
194.000000	195.000000	0.549978
195.000000	196.000000	0.549964
196.000000	197.000000	0.549955
197.000000	198.000000	0.549951
198.000000	199.000000	0.549952
199.000000	200.000000	0.549952
200.000000	201.000000	0.549952
201.000000	202.000000	0.549952
202.000000	203.000000	0.549952
203.000000	204.000000	0.549952
204.000000	205.000000	0.549952
205.000000	206.000000	0.549952
206.000000	207.000000	0.549952
207.000000	208.000000	0.549952
208.000000	209.000000	0.549952
209.000000	210.000000	0.549952
210.000000	211.000000	0.549952
211.000000	212.000000	0.549952
212.000000	213.000000	0.549952
213.000000	214.000000	0.549952
214.000000	215.000000	0.549952
215.000000	216.000000	0.549952
216.000000	217.000000	0.549952
217.000000	218.000000	0.549952
218.000000	219.000000	0.549952
219.000000	220.000000	0.549952
220.000000	221.000000	0.549952
221.000000	222.000000	0.549952
222.000000	223.000000	0.549952
223.000000	224.000000	0.549952
224.000000	225.000000	0.549952
225.000000	226.000000	0.549952
226.000000	227.000000	0.549952
227.000000	228.000000	0.549952
228.000000	229.000000	0.549952
229.000000	230.000000	0.549952
230.000000	231.000000	0.549952
231.000000	232.000000	0.549952
232.000000	233.000000	0.549952
233.000000	234.000000	0.549952
234.000000	235.000000	0.549952
235.000000	236.000000	0.549952
236.000000	237.000000	0.549952
237.000000	238.000000	0.549952
238.000000	239.000000	0.549952
239.000000	240.000000	0.549952
240.000000	241.000000	0.549952
241.000000	242.000000	0.549952
242.000000	243.000000	0.549952
243.000000	244.000000	0.549952
244.000000	245.000000	0.549952
245.000000	246.000000	0.549952
246.000000	247.000000	0.549952
247.000000	248.000000	0.549952
248.000000	249.000000	0.549952
249.000000	250.000000	0.549952
