250	#nbins
0	#lowbound
250	#highbound
0.	alternativeKfactor
0.	alternativeKfactorNNLO
----------------#table200
0.000000	1.000000	-0.684760
1.000000	2.000000	1.072067
2.000000	3.000000	1.310429
3.000000	4.000000	1.327984
4.000000	5.000000	1.287365
5.000000	6.000000	1.279263
6.000000	7.000000	1.216246
7.000000	8.000000	1.199915
8.000000	9.000000	1.193723
9.000000	10.000000	1.146187
10.000000	11.000000	1.176696
11.000000	12.000000	1.139170
12.000000	13.000000	1.135815
13.000000	14.000000	1.145642
14.000000	15.000000	1.132280
15.000000	16.000000	1.129601
16.000000	17.000000	1.125168
17.000000	18.000000	1.125209
18.000000	19.000000	1.115304
19.000000	20.000000	1.107534
20.000000	21.000000	1.094901
21.000000	22.000000	1.098293
22.000000	23.000000	1.086782
23.000000	24.000000	1.085649
24.000000	25.000000	1.074816
25.000000	26.000000	1.085562
26.000000	27.000000	1.062008
27.000000	28.000000	1.063254
28.000000	29.000000	1.058882
29.000000	30.000000	1.055647
30.000000	31.000000	1.041705
31.000000	32.000000	1.018679
32.000000	33.000000	1.036381
33.000000	34.000000	1.047337
34.000000	35.000000	1.018681
35.000000	36.000000	1.019840
36.000000	37.000000	1.004235
37.000000	38.000000	0.998215
38.000000	39.000000	0.980779
39.000000	40.000000	0.984901
40.000000	41.000000	0.977988
41.000000	42.000000	0.971139
42.000000	43.000000	0.964358
43.000000	44.000000	0.957646
44.000000	45.000000	0.951005
45.000000	46.000000	0.944433
46.000000	47.000000	0.937930
47.000000	48.000000	0.931494
48.000000	49.000000	0.925125
49.000000	50.000000	0.918818
50.000000	51.000000	0.912572
51.000000	52.000000	0.906383
52.000000	53.000000	0.900251
53.000000	54.000000	0.894173
54.000000	55.000000	0.888146
55.000000	56.000000	0.882169
56.000000	57.000000	0.876238
57.000000	58.000000	0.870353
58.000000	59.000000	0.864509
59.000000	60.000000	0.858707
60.000000	61.000000	0.852944
61.000000	62.000000	0.847220
62.000000	63.000000	0.841532
63.000000	64.000000	0.835880
64.000000	65.000000	0.830263
65.000000	66.000000	0.824680
66.000000	67.000000	0.819128
67.000000	68.000000	0.813609
68.000000	69.000000	0.808121
69.000000	70.000000	0.802663
70.000000	71.000000	0.797236
71.000000	72.000000	0.791837
72.000000	73.000000	0.786467
73.000000	74.000000	0.781126
74.000000	75.000000	0.775813
75.000000	76.000000	0.770529
76.000000	77.000000	0.765273
77.000000	78.000000	0.760045
78.000000	79.000000	0.754844
79.000000	80.000000	0.749671
80.000000	81.000000	0.744526
81.000000	82.000000	0.739409
82.000000	83.000000	0.734319
83.000000	84.000000	0.729257
84.000000	85.000000	0.724224
85.000000	86.000000	0.719218
86.000000	87.000000	0.714240
87.000000	88.000000	0.709290
88.000000	89.000000	0.704368
89.000000	90.000000	0.699476
90.000000	91.000000	0.694612
91.000000	92.000000	0.691336
92.000000	93.000000	0.689878
93.000000	94.000000	0.688480
94.000000	95.000000	0.687097
95.000000	96.000000	0.685728
96.000000	97.000000	0.684373
97.000000	98.000000	0.683031
98.000000	99.000000	0.681703
99.000000	100.000000	0.680388
100.000000	101.000000	0.679087
101.000000	102.000000	0.677800
102.000000	103.000000	0.676525
103.000000	104.000000	0.675263
104.000000	105.000000	0.674014
105.000000	106.000000	0.672778
106.000000	107.000000	0.671554
107.000000	108.000000	0.670343
108.000000	109.000000	0.669143
109.000000	110.000000	0.667954
110.000000	111.000000	0.666765
111.000000	112.000000	0.665673
112.000000	113.000000	0.664519
113.000000	114.000000	0.663369
114.000000	115.000000	0.662244
115.000000	116.000000	0.661134
116.000000	117.000000	0.660038
117.000000	118.000000	0.658955
118.000000	119.000000	0.657886
119.000000	120.000000	0.656830
120.000000	121.000000	0.655787
121.000000	122.000000	0.654758
122.000000	123.000000	0.653742
123.000000	124.000000	0.652739
124.000000	125.000000	0.651749
125.000000	126.000000	0.650773
126.000000	127.000000	0.649811
127.000000	128.000000	0.648862
128.000000	129.000000	0.647926
129.000000	130.000000	0.647005
130.000000	131.000000	0.646097
131.000000	132.000000	0.645203
132.000000	133.000000	0.644323
133.000000	134.000000	0.643456
134.000000	135.000000	0.642604
135.000000	136.000000	0.641765
136.000000	137.000000	0.640941
137.000000	138.000000	0.640132
138.000000	139.000000	0.639338
139.000000	140.000000	0.638554
140.000000	141.000000	0.637783
141.000000	142.000000	0.637028
142.000000	143.000000	0.636289
143.000000	144.000000	0.635564
144.000000	145.000000	0.634854
145.000000	146.000000	0.634158
146.000000	147.000000	0.633478
147.000000	148.000000	0.632811
148.000000	149.000000	0.632159
149.000000	150.000000	0.631521
150.000000	151.000000	0.630897
151.000000	152.000000	0.630288
152.000000	153.000000	0.629692
153.000000	154.000000	0.629111
154.000000	155.000000	0.628544
155.000000	156.000000	0.627992
156.000000	157.000000	0.627454
157.000000	158.000000	0.626930
158.000000	159.000000	0.626420
159.000000	160.000000	0.625924
160.000000	161.000000	0.625442
161.000000	162.000000	0.624974
162.000000	163.000000	0.624521
163.000000	164.000000	0.624082
164.000000	165.000000	0.623657
165.000000	166.000000	0.623246
166.000000	167.000000	0.622849
167.000000	168.000000	0.622465
168.000000	169.000000	0.622096
169.000000	170.000000	0.621739
170.000000	171.000000	0.621397
171.000000	172.000000	0.621068
172.000000	173.000000	0.620752
173.000000	174.000000	0.620450
174.000000	175.000000	0.620160
175.000000	176.000000	0.619884
176.000000	177.000000	0.619621
177.000000	178.000000	0.619371
178.000000	179.000000	0.619135
179.000000	180.000000	0.618910
180.000000	181.000000	0.618697
181.000000	182.000000	0.618494
182.000000	183.000000	0.618303
183.000000	184.000000	0.618124
184.000000	185.000000	0.617957
185.000000	186.000000	0.617802
186.000000	187.000000	0.617658
187.000000	188.000000	0.617525
188.000000	189.000000	0.617403
189.000000	190.000000	0.617292
190.000000	191.000000	0.617190
191.000000	192.000000	0.617099
192.000000	193.000000	0.617018
193.000000	194.000000	0.616947
194.000000	195.000000	0.616883
195.000000	196.000000	0.616829
196.000000	197.000000	0.616784
197.000000	198.000000	0.616746
198.000000	199.000000	0.616716
199.000000	200.000000	0.616694
200.000000	201.000000	0.616679
201.000000	202.000000	0.616672
202.000000	203.000000	0.616671
203.000000	204.000000	0.616677
204.000000	205.000000	0.616677
205.000000	206.000000	0.616677
206.000000	207.000000	0.616677
207.000000	208.000000	0.616677
208.000000	209.000000	0.616677
209.000000	210.000000	0.616677
210.000000	211.000000	0.616677
211.000000	212.000000	0.616677
212.000000	213.000000	0.616677
213.000000	214.000000	0.616677
214.000000	215.000000	0.616677
215.000000	216.000000	0.616677
216.000000	217.000000	0.616677
217.000000	218.000000	0.616677
218.000000	219.000000	0.616677
219.000000	220.000000	0.616677
220.000000	221.000000	0.616677
221.000000	222.000000	0.616677
222.000000	223.000000	0.616677
223.000000	224.000000	0.616677
224.000000	225.000000	0.616677
225.000000	226.000000	0.616677
226.000000	227.000000	0.616677
227.000000	228.000000	0.616677
228.000000	229.000000	0.616677
229.000000	230.000000	0.616677
230.000000	231.000000	0.616677
231.000000	232.000000	0.616677
232.000000	233.000000	0.616677
233.000000	234.000000	0.616677
234.000000	235.000000	0.616677
235.000000	236.000000	0.616677
236.000000	237.000000	0.616677
237.000000	238.000000	0.616677
238.000000	239.000000	0.616677
239.000000	240.000000	0.616677
240.000000	241.000000	0.616677
241.000000	242.000000	0.616677
242.000000	243.000000	0.616677
243.000000	244.000000	0.616677
244.000000	245.000000	0.616677
245.000000	246.000000	0.616677
246.000000	247.000000	0.616677
247.000000	248.000000	0.616677
248.000000	249.000000	0.616677
249.000000	250.000000	0.616677
