250	#nbins
0	#lowbound
250	#highbound
0.	alternativeKfactor
0.	alternativeKfactorNNLO
----------------#table200
0.000000	1.000000	-0.336082
1.000000	2.000000	1.142947
2.000000	3.000000	1.325630
3.000000	4.000000	1.325438
4.000000	5.000000	1.290693
5.000000	6.000000	1.268223
6.000000	7.000000	1.210398
7.000000	8.000000	1.191094
8.000000	9.000000	1.174131
9.000000	10.000000	1.157753
10.000000	11.000000	1.150097
11.000000	12.000000	1.145268
12.000000	13.000000	1.136202
13.000000	14.000000	1.142468
14.000000	15.000000	1.117106
15.000000	16.000000	1.129672
16.000000	17.000000	1.121606
17.000000	18.000000	1.103994
18.000000	19.000000	1.105520
19.000000	20.000000	1.095781
20.000000	21.000000	1.102346
21.000000	22.000000	1.095210
22.000000	23.000000	1.087942
23.000000	24.000000	1.094598
24.000000	25.000000	1.084416
25.000000	26.000000	1.057631
26.000000	27.000000	1.074387
27.000000	28.000000	1.061672
28.000000	29.000000	1.060160
29.000000	30.000000	1.044649
30.000000	31.000000	1.052721
31.000000	32.000000	1.015387
32.000000	33.000000	1.038198
33.000000	34.000000	1.027815
34.000000	35.000000	1.012600
35.000000	36.000000	1.002138
36.000000	37.000000	0.998335
37.000000	38.000000	0.992082
38.000000	39.000000	0.970505
39.000000	40.000000	0.975585
40.000000	41.000000	0.967811
41.000000	42.000000	0.960191
42.000000	43.000000	0.952724
43.000000	44.000000	0.945406
44.000000	45.000000	0.938233
45.000000	46.000000	0.931197
46.000000	47.000000	0.924291
47.000000	48.000000	0.917506
48.000000	49.000000	0.910834
49.000000	50.000000	0.904269
50.000000	51.000000	0.897804
51.000000	52.000000	0.891431
52.000000	53.000000	0.885145
53.000000	54.000000	0.878938
54.000000	55.000000	0.872806
55.000000	56.000000	0.866743
56.000000	57.000000	0.860745
57.000000	58.000000	0.854807
58.000000	59.000000	0.848927
59.000000	60.000000	0.843100
60.000000	61.000000	0.837324
61.000000	62.000000	0.831595
62.000000	63.000000	0.825912
63.000000	64.000000	0.820272
64.000000	65.000000	0.814673
65.000000	66.000000	0.809114
66.000000	67.000000	0.803592
67.000000	68.000000	0.798108
68.000000	69.000000	0.792659
69.000000	70.000000	0.787245
70.000000	71.000000	0.781864
71.000000	72.000000	0.776516
72.000000	73.000000	0.771201
73.000000	74.000000	0.765917
74.000000	75.000000	0.760665
75.000000	76.000000	0.755444
76.000000	77.000000	0.750254
77.000000	78.000000	0.745094
78.000000	79.000000	0.739964
79.000000	80.000000	0.734864
80.000000	81.000000	0.729792
81.000000	82.000000	0.724737
82.000000	83.000000	0.719825
83.000000	84.000000	0.714815
84.000000	85.000000	0.709859
85.000000	86.000000	0.704944
86.000000	87.000000	0.700060
87.000000	88.000000	0.695209
88.000000	89.000000	0.690391
89.000000	90.000000	0.685605
90.000000	91.000000	0.680852
91.000000	92.000000	0.676132
92.000000	93.000000	0.671444
93.000000	94.000000	0.666788
94.000000	95.000000	0.663639
95.000000	96.000000	0.662177
96.000000	97.000000	0.660766
97.000000	98.000000	0.659369
98.000000	99.000000	0.657987
99.000000	100.000000	0.656620
100.000000	101.000000	0.655266
101.000000	102.000000	0.653928
102.000000	103.000000	0.652603
103.000000	104.000000	0.651293
104.000000	105.000000	0.649998
105.000000	106.000000	0.648716
106.000000	107.000000	0.647450
107.000000	108.000000	0.646197
108.000000	109.000000	0.644960
109.000000	110.000000	0.643736
110.000000	111.000000	0.642527
111.000000	112.000000	0.641333
112.000000	113.000000	0.640153
113.000000	114.000000	0.638988
114.000000	115.000000	0.637838
115.000000	116.000000	0.636703
116.000000	117.000000	0.635582
117.000000	118.000000	0.634477
118.000000	119.000000	0.633386
119.000000	120.000000	0.632311
120.000000	121.000000	0.631251
121.000000	122.000000	0.630205
122.000000	123.000000	0.629176
123.000000	124.000000	0.628162
124.000000	125.000000	0.627163
125.000000	126.000000	0.626180
126.000000	127.000000	0.625212
127.000000	128.000000	0.624261
128.000000	129.000000	0.623324
129.000000	130.000000	0.622404
130.000000	131.000000	0.621499
131.000000	132.000000	0.620612
132.000000	133.000000	0.619741
133.000000	134.000000	0.618883
134.000000	135.000000	0.618040
135.000000	136.000000	0.617215
136.000000	137.000000	0.616406
137.000000	138.000000	0.615614
138.000000	139.000000	0.614839
139.000000	140.000000	0.614080
140.000000	141.000000	0.613337
141.000000	142.000000	0.612610
142.000000	143.000000	0.611899
143.000000	144.000000	0.611205
144.000000	145.000000	0.610526
145.000000	146.000000	0.609864
146.000000	147.000000	0.609218
147.000000	148.000000	0.608588
148.000000	149.000000	0.607974
149.000000	150.000000	0.607377
150.000000	151.000000	0.606795
151.000000	152.000000	0.606229
152.000000	153.000000	0.605680
153.000000	154.000000	0.605147
154.000000	155.000000	0.604630
155.000000	156.000000	0.604129
156.000000	157.000000	0.603645
157.000000	158.000000	0.603176
158.000000	159.000000	0.602724
159.000000	160.000000	0.602287
160.000000	161.000000	0.601867
161.000000	162.000000	0.601462
162.000000	163.000000	0.601073
163.000000	164.000000	0.600700
164.000000	165.000000	0.600342
165.000000	166.000000	0.600000
166.000000	167.000000	0.599673
167.000000	168.000000	0.599361
168.000000	169.000000	0.599065
169.000000	170.000000	0.598785
170.000000	171.000000	0.598520
171.000000	172.000000	0.598269
172.000000	173.000000	0.598032
173.000000	174.000000	0.597808
174.000000	175.000000	0.597599
175.000000	176.000000	0.597404
176.000000	177.000000	0.597223
177.000000	178.000000	0.597056
178.000000	179.000000	0.596903
179.000000	180.000000	0.596764
180.000000	181.000000	0.596638
181.000000	182.000000	0.596525
182.000000	183.000000	0.596425
183.000000	184.000000	0.596338
184.000000	185.000000	0.596263
185.000000	186.000000	0.596200
186.000000	187.000000	0.596149
187.000000	188.000000	0.596110
188.000000	189.000000	0.596082
189.000000	190.000000	0.596065
190.000000	191.000000	0.596058
191.000000	192.000000	0.596062
192.000000	193.000000	0.596062
193.000000	194.000000	0.596062
194.000000	195.000000	0.596062
195.000000	196.000000	0.596062
196.000000	197.000000	0.596062
197.000000	198.000000	0.596062
198.000000	199.000000	0.596062
199.000000	200.000000	0.596062
200.000000	201.000000	0.596062
201.000000	202.000000	0.596062
202.000000	203.000000	0.596062
203.000000	204.000000	0.596062
204.000000	205.000000	0.596062
205.000000	206.000000	0.596062
206.000000	207.000000	0.596062
207.000000	208.000000	0.596062
208.000000	209.000000	0.596062
209.000000	210.000000	0.596062
210.000000	211.000000	0.596062
211.000000	212.000000	0.596062
212.000000	213.000000	0.596062
213.000000	214.000000	0.596062
214.000000	215.000000	0.596062
215.000000	216.000000	0.596062
216.000000	217.000000	0.596062
217.000000	218.000000	0.596062
218.000000	219.000000	0.596062
219.000000	220.000000	0.596062
220.000000	221.000000	0.596062
221.000000	222.000000	0.596062
222.000000	223.000000	0.596062
223.000000	224.000000	0.596062
224.000000	225.000000	0.596062
225.000000	226.000000	0.596062
226.000000	227.000000	0.596062
227.000000	228.000000	0.596062
228.000000	229.000000	0.596062
229.000000	230.000000	0.596062
230.000000	231.000000	0.596062
231.000000	232.000000	0.596062
232.000000	233.000000	0.596062
233.000000	234.000000	0.596062
234.000000	235.000000	0.596062
235.000000	236.000000	0.596062
236.000000	237.000000	0.596062
237.000000	238.000000	0.596062
238.000000	239.000000	0.596062
239.000000	240.000000	0.596062
240.000000	241.000000	0.596062
241.000000	242.000000	0.596062
242.000000	243.000000	0.596062
243.000000	244.000000	0.596062
244.000000	245.000000	0.596062
245.000000	246.000000	0.596062
246.000000	247.000000	0.596062
247.000000	248.000000	0.596062
248.000000	249.000000	0.596062
249.000000	250.000000	0.596062
