249	#nbins
0	#lowbound
250	#highbound
0.	alternativeKfactor
0.	alternativeKfactorNNLO
----------------#table200
0.000000	2.000000	1.206910
2.000000	3.000000	1.366015
3.000000	4.000000	1.355716
4.000000	5.000000	1.320513
5.000000	6.000000	1.274934
6.000000	7.000000	1.222356
7.000000	8.000000	1.224865
8.000000	9.000000	1.198051
9.000000	10.000000	1.174552
10.000000	11.000000	1.173625
11.000000	12.000000	1.168563
12.000000	13.000000	1.171023
13.000000	14.000000	1.158251
14.000000	15.000000	1.145416
15.000000	16.000000	1.164825
16.000000	17.000000	1.135793
17.000000	18.000000	1.146009
18.000000	19.000000	1.136506
19.000000	20.000000	1.129925
20.000000	21.000000	1.134828
21.000000	22.000000	1.136692
22.000000	23.000000	1.104988
23.000000	24.000000	1.104698
24.000000	25.000000	1.112817
25.000000	26.000000	1.096575
26.000000	27.000000	1.097998
27.000000	28.000000	1.088420
28.000000	29.000000	1.078307
29.000000	30.000000	1.065926
30.000000	31.000000	1.075492
31.000000	32.000000	1.040855
32.000000	33.000000	1.051716
33.000000	34.000000	1.052520
34.000000	35.000000	1.038679
35.000000	36.000000	1.044283
36.000000	37.000000	1.039168
37.000000	38.000000	1.020009
38.000000	39.000000	1.001503
39.000000	40.000000	1.003769
40.000000	41.000000	0.996222
41.000000	42.000000	0.988653
42.000000	43.000000	0.981077
43.000000	44.000000	0.973506
44.000000	45.000000	0.965948
45.000000	46.000000	0.958413
46.000000	47.000000	0.950907
47.000000	48.000000	0.943433
48.000000	49.000000	0.935997
49.000000	50.000000	0.928600
50.000000	51.000000	0.921243
51.000000	52.000000	0.913929
52.000000	53.000000	0.906657
53.000000	54.000000	0.899429
54.000000	55.000000	0.892244
55.000000	56.000000	0.885101
56.000000	57.000000	0.878001
57.000000	58.000000	0.870943
58.000000	59.000000	0.863925
59.000000	60.000000	0.856947
60.000000	61.000000	0.850007
61.000000	62.000000	0.843106
62.000000	63.000000	0.836242
63.000000	64.000000	0.829415
64.000000	65.000000	0.822623
65.000000	66.000000	0.815866
66.000000	67.000000	0.809143
67.000000	68.000000	0.802453
68.000000	69.000000	0.795795
69.000000	70.000000	0.789168
70.000000	71.000000	0.782573
71.000000	72.000000	0.776006
72.000000	73.000000	0.769470
73.000000	74.000000	0.762962
74.000000	75.000000	0.756483
75.000000	76.000000	0.750032
76.000000	77.000000	0.743609
77.000000	78.000000	0.737214
78.000000	79.000000	0.730845
79.000000	80.000000	0.724502
80.000000	81.000000	0.718186
81.000000	82.000000	0.711896
82.000000	83.000000	0.705632
83.000000	84.000000	0.699394
84.000000	85.000000	0.693181
85.000000	86.000000	0.686993
86.000000	87.000000	0.680830
87.000000	88.000000	0.674692
88.000000	89.000000	0.668578
89.000000	90.000000	0.662490
90.000000	91.000000	0.656426
91.000000	92.000000	0.650387
92.000000	93.000000	0.644373
93.000000	94.000000	0.638383
94.000000	95.000000	0.632418
95.000000	96.000000	0.626477
96.000000	97.000000	0.620560
97.000000	98.000000	0.614668
98.000000	99.000000	0.608802
99.000000	100.000000	0.605240
100.000000	101.000000	0.604229
101.000000	102.000000	0.603278
102.000000	103.000000	0.602340
103.000000	104.000000	0.601416
104.000000	105.000000	0.600505
105.000000	106.000000	0.599607
106.000000	107.000000	0.598722
107.000000	108.000000	0.597850
108.000000	109.000000	0.596990
109.000000	110.000000	0.596142
110.000000	111.000000	0.595308
111.000000	112.000000	0.594484
112.000000	113.000000	0.593672
113.000000	114.000000	0.592865
114.000000	115.000000	0.592068
115.000000	116.000000	0.591351
116.000000	117.000000	0.590573
117.000000	118.000000	0.589820
118.000000	119.000000	0.589080
119.000000	120.000000	0.588354
120.000000	121.000000	0.587639
121.000000	122.000000	0.586936
122.000000	123.000000	0.586245
123.000000	124.000000	0.585566
124.000000	125.000000	0.584899
125.000000	126.000000	0.584244
126.000000	127.000000	0.583600
127.000000	128.000000	0.582968
128.000000	129.000000	0.582348
129.000000	130.000000	0.581739
130.000000	131.000000	0.581143
131.000000	132.000000	0.580558
132.000000	133.000000	0.579984
133.000000	134.000000	0.579423
134.000000	135.000000	0.578873
135.000000	136.000000	0.578336
136.000000	137.000000	0.577809
137.000000	138.000000	0.577295
138.000000	139.000000	0.576793
139.000000	140.000000	0.576303
140.000000	141.000000	0.575826
141.000000	142.000000	0.575361
142.000000	143.000000	0.574904
143.000000	144.000000	0.574459
144.000000	145.000000	0.574027
145.000000	146.000000	0.573608
146.000000	147.000000	0.573201
147.000000	148.000000	0.572807
148.000000	149.000000	0.572424
149.000000	150.000000	0.572053
150.000000	151.000000	0.571694
151.000000	152.000000	0.571347
152.000000	153.000000	0.571012
153.000000	154.000000	0.570689
154.000000	155.000000	0.570378
155.000000	156.000000	0.570078
156.000000	157.000000	0.569791
157.000000	158.000000	0.569516
158.000000	159.000000	0.569252
159.000000	160.000000	0.569001
160.000000	161.000000	0.568761
161.000000	162.000000	0.568533
162.000000	163.000000	0.568317
163.000000	164.000000	0.568113
164.000000	165.000000	0.567920
165.000000	166.000000	0.567739
166.000000	167.000000	0.567569
167.000000	168.000000	0.567412
168.000000	169.000000	0.567265
169.000000	170.000000	0.567130
170.000000	171.000000	0.567007
171.000000	172.000000	0.566894
172.000000	173.000000	0.566793
173.000000	174.000000	0.566703
174.000000	175.000000	0.566624
175.000000	176.000000	0.566557
176.000000	177.000000	0.566500
177.000000	178.000000	0.566453
178.000000	179.000000	0.566418
179.000000	180.000000	0.566393
180.000000	181.000000	0.566378
181.000000	182.000000	0.566374
182.000000	183.000000	0.566380
183.000000	184.000000	0.566380
184.000000	185.000000	0.566380
185.000000	186.000000	0.566380
186.000000	187.000000	0.566380
187.000000	188.000000	0.566380
188.000000	189.000000	0.566380
189.000000	190.000000	0.566380
190.000000	191.000000	0.566380
191.000000	192.000000	0.566380
192.000000	193.000000	0.566380
193.000000	194.000000	0.566380
194.000000	195.000000	0.566380
195.000000	196.000000	0.566380
196.000000	197.000000	0.566380
197.000000	198.000000	0.566380
198.000000	199.000000	0.566380
199.000000	200.000000	0.566380
200.000000	201.000000	0.566380
201.000000	202.000000	0.566380
202.000000	203.000000	0.566380
203.000000	204.000000	0.566380
204.000000	205.000000	0.566380
205.000000	206.000000	0.566380
206.000000	207.000000	0.566380
207.000000	208.000000	0.566380
208.000000	209.000000	0.566380
209.000000	210.000000	0.566380
210.000000	211.000000	0.566380
211.000000	212.000000	0.566380
212.000000	213.000000	0.566380
213.000000	214.000000	0.566380
214.000000	215.000000	0.566380
215.000000	216.000000	0.566380
216.000000	217.000000	0.566380
217.000000	218.000000	0.566380
218.000000	219.000000	0.566380
219.000000	220.000000	0.566380
220.000000	221.000000	0.566380
221.000000	222.000000	0.566380
222.000000	223.000000	0.566380
223.000000	224.000000	0.566380
224.000000	225.000000	0.566380
225.000000	226.000000	0.566380
226.000000	227.000000	0.566380
227.000000	228.000000	0.566380
228.000000	229.000000	0.566380
229.000000	230.000000	0.566380
230.000000	231.000000	0.566380
231.000000	232.000000	0.566380
232.000000	233.000000	0.566380
233.000000	234.000000	0.566380
234.000000	235.000000	0.566380
235.000000	236.000000	0.566380
236.000000	237.000000	0.566380
237.000000	238.000000	0.566380
238.000000	239.000000	0.566380
239.000000	240.000000	0.566380
240.000000	241.000000	0.566380
241.000000	242.000000	0.566380
242.000000	243.000000	0.566380
243.000000	244.000000	0.566380
244.000000	245.000000	0.566380
245.000000	246.000000	0.566380
246.000000	247.000000	0.566380
247.000000	248.000000	0.566380
248.000000	249.000000	0.566380
249.000000	250.000000	0.566380
