249	#nbins
0	#lowbound
250	#highbound
0.	alternativeKfactor
0.	alternativeKfactorNNLO
----------------#table200
0.000000	2.000000	1.142896
2.000000	3.000000	1.368088
3.000000	4.000000	1.329694
4.000000	5.000000	1.301790
5.000000	6.000000	1.256830
6.000000	7.000000	1.223927
7.000000	8.000000	1.181757
8.000000	9.000000	1.177619
9.000000	10.000000	1.166113
10.000000	11.000000	1.162044
11.000000	12.000000	1.168261
12.000000	13.000000	1.146593
13.000000	14.000000	1.156940
14.000000	15.000000	1.146867
15.000000	16.000000	1.143051
16.000000	17.000000	1.141532
17.000000	18.000000	1.147400
18.000000	19.000000	1.122068
19.000000	20.000000	1.126477
20.000000	21.000000	1.140672
21.000000	22.000000	1.129510
22.000000	23.000000	1.132375
23.000000	24.000000	1.125699
24.000000	25.000000	1.105342
25.000000	26.000000	1.121778
26.000000	27.000000	1.116431
27.000000	28.000000	1.103260
28.000000	29.000000	1.085037
29.000000	30.000000	1.101022
30.000000	31.000000	1.089127
31.000000	32.000000	1.076528
32.000000	33.000000	1.088840
33.000000	34.000000	1.070212
34.000000	35.000000	1.069706
35.000000	36.000000	1.047069
36.000000	37.000000	1.068113
37.000000	38.000000	1.057259
38.000000	39.000000	1.026587
39.000000	40.000000	1.038155
40.000000	41.000000	1.031949
41.000000	42.000000	1.025627
42.000000	43.000000	1.019211
43.000000	44.000000	1.012721
44.000000	45.000000	1.006177
45.000000	46.000000	0.999594
46.000000	47.000000	0.992987
47.000000	48.000000	0.986363
48.000000	49.000000	0.979732
49.000000	50.000000	0.973107
50.000000	51.000000	0.966492
51.000000	52.000000	0.959892
52.000000	53.000000	0.953312
53.000000	54.000000	0.946754
54.000000	55.000000	0.940223
55.000000	56.000000	0.933720
56.000000	57.000000	0.927246
57.000000	58.000000	0.920803
58.000000	59.000000	0.914392
59.000000	60.000000	0.908012
60.000000	61.000000	0.901663
61.000000	62.000000	0.895346
62.000000	63.000000	0.889060
63.000000	64.000000	0.882805
64.000000	65.000000	0.876579
65.000000	66.000000	0.870383
66.000000	67.000000	0.864216
67.000000	68.000000	0.858077
68.000000	69.000000	0.851966
69.000000	70.000000	0.845882
70.000000	71.000000	0.839824
71.000000	72.000000	0.833792
72.000000	73.000000	0.827784
73.000000	74.000000	0.821800
74.000000	75.000000	0.815838
75.000000	76.000000	0.809900
76.000000	77.000000	0.803984
77.000000	78.000000	0.798089
78.000000	79.000000	0.792215
79.000000	80.000000	0.786362
80.000000	81.000000	0.780528
81.000000	82.000000	0.774713
82.000000	83.000000	0.768918
83.000000	84.000000	0.763141
84.000000	85.000000	0.757382
85.000000	86.000000	0.751641
86.000000	87.000000	0.745918
87.000000	88.000000	0.740213
88.000000	89.000000	0.734521
89.000000	90.000000	0.728848
90.000000	91.000000	0.723190
91.000000	92.000000	0.717548
92.000000	93.000000	0.711922
93.000000	94.000000	0.706311
94.000000	95.000000	0.700716
95.000000	96.000000	0.695137
96.000000	97.000000	0.689572
97.000000	98.000000	0.684022
98.000000	99.000000	0.678487
99.000000	100.000000	0.672970
100.000000	101.000000	0.667461
101.000000	102.000000	0.661966
102.000000	103.000000	0.656488
103.000000	104.000000	0.651024
104.000000	105.000000	0.645575
105.000000	106.000000	0.640141
106.000000	107.000000	0.634721
107.000000	108.000000	0.629314
108.000000	109.000000	0.623922
109.000000	110.000000	0.618544
110.000000	111.000000	0.613328
111.000000	112.000000	0.610686
112.000000	113.000000	0.609889
113.000000	114.000000	0.609102
114.000000	115.000000	0.608323
115.000000	116.000000	0.607555
116.000000	117.000000	0.606796
117.000000	118.000000	0.606047
118.000000	119.000000	0.605305
119.000000	120.000000	0.604570
120.000000	121.000000	0.603837
121.000000	122.000000	0.603126
122.000000	123.000000	0.602469
123.000000	124.000000	0.601760
124.000000	125.000000	0.601071
125.000000	126.000000	0.600390
126.000000	127.000000	0.599718
127.000000	128.000000	0.599055
128.000000	129.000000	0.598402
129.000000	130.000000	0.597757
130.000000	131.000000	0.597120
131.000000	132.000000	0.596492
132.000000	133.000000	0.595871
133.000000	134.000000	0.595259
134.000000	135.000000	0.594655
135.000000	136.000000	0.594059
136.000000	137.000000	0.593471
137.000000	138.000000	0.592891
138.000000	139.000000	0.592319
139.000000	140.000000	0.591755
140.000000	141.000000	0.591200
141.000000	142.000000	0.590653
142.000000	143.000000	0.590109
143.000000	144.000000	0.589575
144.000000	145.000000	0.589050
145.000000	146.000000	0.588534
146.000000	147.000000	0.588025
147.000000	148.000000	0.587524
148.000000	149.000000	0.587032
149.000000	150.000000	0.586547
150.000000	151.000000	0.586070
151.000000	152.000000	0.585601
152.000000	153.000000	0.585140
153.000000	154.000000	0.584687
154.000000	155.000000	0.584241
155.000000	156.000000	0.583804
156.000000	157.000000	0.583375
157.000000	158.000000	0.582953
158.000000	159.000000	0.582539
159.000000	160.000000	0.582134
160.000000	161.000000	0.581736
161.000000	162.000000	0.581346
162.000000	163.000000	0.580965
163.000000	164.000000	0.580591
164.000000	165.000000	0.580224
165.000000	166.000000	0.579866
166.000000	167.000000	0.579516
167.000000	168.000000	0.579174
168.000000	169.000000	0.578839
169.000000	170.000000	0.578512
170.000000	171.000000	0.578193
171.000000	172.000000	0.577882
172.000000	173.000000	0.577579
173.000000	174.000000	0.577283
174.000000	175.000000	0.576995
175.000000	176.000000	0.576715
176.000000	177.000000	0.576443
177.000000	178.000000	0.576178
178.000000	179.000000	0.575920
179.000000	180.000000	0.575670
180.000000	181.000000	0.575428
181.000000	182.000000	0.575193
182.000000	183.000000	0.574966
183.000000	184.000000	0.574745
184.000000	185.000000	0.574532
185.000000	186.000000	0.574326
186.000000	187.000000	0.574128
187.000000	188.000000	0.573936
188.000000	189.000000	0.573751
189.000000	190.000000	0.573573
190.000000	191.000000	0.573402
191.000000	192.000000	0.573238
192.000000	193.000000	0.573080
193.000000	194.000000	0.572930
194.000000	195.000000	0.572785
195.000000	196.000000	0.572647
196.000000	197.000000	0.572516
197.000000	198.000000	0.572390
198.000000	199.000000	0.572270
199.000000	200.000000	0.572157
200.000000	201.000000	0.572049
201.000000	202.000000	0.571947
202.000000	203.000000	0.571850
203.000000	204.000000	0.571760
204.000000	205.000000	0.571674
205.000000	206.000000	0.571593
206.000000	207.000000	0.571518
207.000000	208.000000	0.571447
208.000000	209.000000	0.571382
209.000000	210.000000	0.571321
210.000000	211.000000	0.571267
211.000000	212.000000	0.571217
212.000000	213.000000	0.571167
213.000000	214.000000	0.571122
214.000000	215.000000	0.571080
215.000000	216.000000	0.571042
216.000000	217.000000	0.571007
217.000000	218.000000	0.570975
218.000000	219.000000	0.570947
219.000000	220.000000	0.570921
220.000000	221.000000	0.570897
221.000000	222.000000	0.570875
222.000000	223.000000	0.570856
223.000000	224.000000	0.570838
224.000000	225.000000	0.570821
225.000000	226.000000	0.570805
226.000000	227.000000	0.570790
227.000000	228.000000	0.570776
228.000000	229.000000	0.570762
229.000000	230.000000	0.570748
230.000000	231.000000	0.570734
231.000000	232.000000	0.570719
232.000000	233.000000	0.570703
233.000000	234.000000	0.570686
234.000000	235.000000	0.570667
235.000000	236.000000	0.570646
236.000000	237.000000	0.570623
237.000000	238.000000	0.570598
238.000000	239.000000	0.570569
239.000000	240.000000	0.570538
240.000000	241.000000	0.570502
241.000000	242.000000	0.570463
242.000000	243.000000	0.570418
243.000000	244.000000	0.570367
244.000000	245.000000	0.570311
245.000000	246.000000	0.570249
246.000000	247.000000	0.570181
247.000000	248.000000	0.570107
248.000000	249.000000	0.570026
249.000000	250.000000	0.569938
