249	#nbins
0	#lowbound
250	#highbound
0.	alternativeKfactor
0.	alternativeKfactorNNLO
----------------#table200
0.000000	2.000000	1.332793
2.000000	3.000000	1.422803
3.000000	4.000000	1.411255
4.000000	5.000000	1.345736
5.000000	6.000000	1.305342
6.000000	7.000000	1.265830
7.000000	8.000000	1.215233
8.000000	9.000000	1.206308
9.000000	10.000000	1.186858
10.000000	11.000000	1.157327
11.000000	12.000000	1.168096
12.000000	13.000000	1.156379
13.000000	14.000000	1.152206
14.000000	15.000000	1.148390
15.000000	16.000000	1.142283
16.000000	17.000000	1.133486
17.000000	18.000000	1.131314
18.000000	19.000000	1.123042
19.000000	20.000000	1.112899
20.000000	21.000000	1.122907
21.000000	22.000000	1.107285
22.000000	23.000000	1.091721
23.000000	24.000000	1.092474
24.000000	25.000000	1.066633
25.000000	26.000000	1.080952
26.000000	27.000000	1.055702
27.000000	28.000000	1.055726
28.000000	29.000000	1.034814
29.000000	30.000000	1.028053
30.000000	31.000000	1.046082
31.000000	32.000000	1.016881
32.000000	33.000000	1.027059
33.000000	34.000000	0.985517
34.000000	35.000000	0.984595
35.000000	36.000000	0.988143
36.000000	37.000000	0.981196
37.000000	38.000000	0.935577
38.000000	39.000000	0.936914
39.000000	40.000000	0.934194
40.000000	41.000000	0.924071
41.000000	42.000000	0.914320
42.000000	43.000000	0.904912
43.000000	44.000000	0.895818
44.000000	45.000000	0.887011
45.000000	46.000000	0.878461
46.000000	47.000000	0.870147
47.000000	48.000000	0.862031
48.000000	49.000000	0.854105
49.000000	50.000000	0.846343
50.000000	51.000000	0.838727
51.000000	52.000000	0.831240
52.000000	53.000000	0.823867
53.000000	54.000000	0.816594
54.000000	55.000000	0.809410
55.000000	56.000000	0.802303
56.000000	57.000000	0.795266
57.000000	58.000000	0.788289
58.000000	59.000000	0.781365
59.000000	60.000000	0.774488
60.000000	61.000000	0.767653
61.000000	62.000000	0.760853
62.000000	63.000000	0.754085
63.000000	64.000000	0.747345
64.000000	65.000000	0.740632
65.000000	66.000000	0.733941
66.000000	67.000000	0.727272
67.000000	68.000000	0.720622
68.000000	69.000000	0.713990
69.000000	70.000000	0.707373
70.000000	71.000000	0.700773
71.000000	72.000000	0.694187
72.000000	73.000000	0.687616
73.000000	74.000000	0.681059
74.000000	75.000000	0.674515
75.000000	76.000000	0.667986
76.000000	77.000000	0.661471
77.000000	78.000000	0.654970
78.000000	79.000000	0.648484
79.000000	80.000000	0.642014
80.000000	81.000000	0.635557
81.000000	82.000000	0.629117
82.000000	83.000000	0.622696
83.000000	84.000000	0.616535
84.000000	85.000000	0.613625
85.000000	86.000000	0.612770
86.000000	87.000000	0.611917
87.000000	88.000000	0.611065
88.000000	89.000000	0.610215
89.000000	90.000000	0.609365
90.000000	91.000000	0.608516
91.000000	92.000000	0.607667
92.000000	93.000000	0.606819
93.000000	94.000000	0.605972
94.000000	95.000000	0.605125
95.000000	96.000000	0.604279
96.000000	97.000000	0.603434
97.000000	98.000000	0.602590
98.000000	99.000000	0.601746
99.000000	100.000000	0.600904
100.000000	101.000000	0.600062
101.000000	102.000000	0.599222
102.000000	103.000000	0.598381
103.000000	104.000000	0.597527
104.000000	105.000000	0.596750
105.000000	106.000000	0.595913
106.000000	107.000000	0.595077
107.000000	108.000000	0.594250
108.000000	109.000000	0.593428
109.000000	110.000000	0.592610
110.000000	111.000000	0.591795
111.000000	112.000000	0.590985
112.000000	113.000000	0.590180
113.000000	114.000000	0.589379
114.000000	115.000000	0.588582
115.000000	116.000000	0.587791
116.000000	117.000000	0.587005
117.000000	118.000000	0.586224
118.000000	119.000000	0.585450
119.000000	120.000000	0.584681
120.000000	121.000000	0.583918
121.000000	122.000000	0.583162
122.000000	123.000000	0.582413
123.000000	124.000000	0.581670
124.000000	125.000000	0.580935
125.000000	126.000000	0.580207
126.000000	127.000000	0.579487
127.000000	128.000000	0.578774
128.000000	129.000000	0.578069
129.000000	130.000000	0.577372
130.000000	131.000000	0.576684
131.000000	132.000000	0.576004
132.000000	133.000000	0.575333
133.000000	134.000000	0.574671
134.000000	135.000000	0.574018
135.000000	136.000000	0.573374
136.000000	137.000000	0.572740
137.000000	138.000000	0.572115
138.000000	139.000000	0.571500
139.000000	140.000000	0.570895
140.000000	141.000000	0.570299
141.000000	142.000000	0.569714
142.000000	143.000000	0.569139
143.000000	144.000000	0.568575
144.000000	145.000000	0.568021
145.000000	146.000000	0.567477
146.000000	147.000000	0.566945
147.000000	148.000000	0.566423
148.000000	149.000000	0.565912
149.000000	150.000000	0.565412
150.000000	151.000000	0.564923
151.000000	152.000000	0.564445
152.000000	153.000000	0.563979
153.000000	154.000000	0.563523
154.000000	155.000000	0.563079
155.000000	156.000000	0.562646
156.000000	157.000000	0.562224
157.000000	158.000000	0.561814
158.000000	159.000000	0.561415
159.000000	160.000000	0.561028
160.000000	161.000000	0.560653
161.000000	162.000000	0.560289
162.000000	163.000000	0.559937
163.000000	164.000000	0.559597
164.000000	165.000000	0.559270
165.000000	166.000000	0.558955
166.000000	167.000000	0.558651
167.000000	168.000000	0.558360
168.000000	169.000000	0.558080
169.000000	170.000000	0.557812
170.000000	171.000000	0.557556
171.000000	172.000000	0.557312
172.000000	173.000000	0.557079
173.000000	174.000000	0.556857
174.000000	175.000000	0.556647
175.000000	176.000000	0.556449
176.000000	177.000000	0.556262
177.000000	178.000000	0.556088
178.000000	179.000000	0.555926
179.000000	180.000000	0.555777
180.000000	181.000000	0.555638
181.000000	182.000000	0.555512
182.000000	183.000000	0.555396
183.000000	184.000000	0.555290
184.000000	185.000000	0.555193
185.000000	186.000000	0.555109
186.000000	187.000000	0.555037
187.000000	188.000000	0.554976
188.000000	189.000000	0.554927
189.000000	190.000000	0.554888
190.000000	191.000000	0.554860
191.000000	192.000000	0.554842
192.000000	193.000000	0.554835
193.000000	194.000000	0.554839
194.000000	195.000000	0.554839
195.000000	196.000000	0.554839
196.000000	197.000000	0.554839
197.000000	198.000000	0.554839
198.000000	199.000000	0.554839
199.000000	200.000000	0.554839
200.000000	201.000000	0.554839
201.000000	202.000000	0.554839
202.000000	203.000000	0.554839
203.000000	204.000000	0.554839
204.000000	205.000000	0.554839
205.000000	206.000000	0.554839
206.000000	207.000000	0.554839
207.000000	208.000000	0.554839
208.000000	209.000000	0.554839
209.000000	210.000000	0.554839
210.000000	211.000000	0.554839
211.000000	212.000000	0.554839
212.000000	213.000000	0.554839
213.000000	214.000000	0.554839
214.000000	215.000000	0.554839
215.000000	216.000000	0.554839
216.000000	217.000000	0.554839
217.000000	218.000000	0.554839
218.000000	219.000000	0.554839
219.000000	220.000000	0.554839
220.000000	221.000000	0.554839
221.000000	222.000000	0.554839
222.000000	223.000000	0.554839
223.000000	224.000000	0.554839
224.000000	225.000000	0.554839
225.000000	226.000000	0.554839
226.000000	227.000000	0.554839
227.000000	228.000000	0.554839
228.000000	229.000000	0.554839
229.000000	230.000000	0.554839
230.000000	231.000000	0.554839
231.000000	232.000000	0.554839
232.000000	233.000000	0.554839
233.000000	234.000000	0.554839
234.000000	235.000000	0.554839
235.000000	236.000000	0.554839
236.000000	237.000000	0.554839
237.000000	238.000000	0.554839
238.000000	239.000000	0.554839
239.000000	240.000000	0.554839
240.000000	241.000000	0.554839
241.000000	242.000000	0.554839
242.000000	243.000000	0.554839
243.000000	244.000000	0.554839
244.000000	245.000000	0.554839
245.000000	246.000000	0.554839
246.000000	247.000000	0.554839
247.000000	248.000000	0.554839
248.000000	249.000000	0.554839
249.000000	250.000000	0.554839
